BoneCount: 75
RootBone: 0
BoneName: RootNode
BoneIndex: 0
ParentIndex: -1
ChildCount: 2
1
 74
 1.000000 0.000000 -0.000000 0.000000
0.000000 1.000000 -0.000000 0.000000
-0.000000 -0.000000 1.000000 -0.000000
0.000000 0.000000 -0.000000 1.000000
1.000000 0.000000 0.000000 0.000000
0.000000 1.000000 0.000000 0.000000
0.000000 0.000000 1.000000 0.000000
0.000000 0.000000 0.000000 1.000000
BoneName: mixamorig:Hips
BoneIndex: 1
ParentIndex: 0
ChildCount: 5
2
 56
 61
 66
 70
 1.000000 0.000000 -0.000000 0.000000
0.000000 1.000000 -0.000000 0.000000
-0.000000 -0.000000 1.000000 -0.000000
0.000000 1.167377 -0.009031 1.000000
1.000000 -0.000002 0.000000 0.000000
0.000002 1.000000 0.000000 0.000000
-0.000000 0.000000 1.000000 -0.000000
-0.000002 -1.167377 0.009031 1.000000
BoneName: mixamorig:Spine
BoneIndex: 2
ParentIndex: 1
ChildCount: 1
3
 1.000000 -0.000002 0.000000 0.000000
0.000002 0.999182 0.040450 0.000000
-0.000000 -0.040450 0.999182 -0.000000
0.000004 0.107175 0.009311 1.000000
1.000000 -0.000000 0.000000 0.000000
0.000000 0.999182 -0.040450 0.000000
0.000000 0.040450 0.999182 -0.000000
-0.000004 -1.273520 0.051276 1.000000
BoneName: mixamorig:Spine1
BoneIndex: 3
ParentIndex: 2
ChildCount: 1
4
 1.000000 0.000000 -0.000000 0.000000
0.000000 0.999452 0.033109 0.000000
-0.000000 -0.033109 0.999452 -0.000000
-0.000000 0.105940 0.000000 1.000000
1.000000 -0.000000 0.000000 0.000000
0.000000 0.997294 -0.073510 0.000000
-0.000000 0.073510 0.997294 -0.000000
-0.000004 -1.377006 0.096920 1.000000
BoneName: mixamorig:Spine2
BoneIndex: 4
ParentIndex: 3
ChildCount: 3
5
 8
 32
 1.000000 0.000000 -0.000000 0.000000
0.000000 0.997294 -0.073510 0.000000
-0.000000 0.073510 0.997294 -0.000000
-0.000000 0.106281 -0.000000 1.000000
1.000000 -0.000000 0.000000 0.000000
0.000000 1.000000 -0.000000 0.000000
-0.000000 0.000000 1.000000 -0.000000
-0.000004 -1.486399 -0.012378 1.000000
BoneName: mixamorig:Neck
BoneIndex: 5
ParentIndex: 4
ChildCount: 1
6
 1.000000 0.000000 -0.000000 0.000000
0.000000 1.000000 -0.000000 0.000000
-0.000000 -0.000000 1.000000 -0.000000
-0.000000 0.262403 0.044881 1.000000
1.000000 -0.000000 0.000000 0.000000
0.000000 1.000000 -0.000000 0.000000
-0.000000 0.000000 1.000000 -0.000000
-0.000004 -1.748802 -0.057259 1.000000
BoneName: mixamorig:Head
BoneIndex: 6
ParentIndex: 5
ChildCount: 1
7
 1.000000 0.000000 -0.000000 0.000000
0.000000 1.000000 -0.000000 0.000000
-0.000000 -0.000000 1.000000 -0.000000
-0.000000 0.174669 -0.056256 1.000000
1.000000 -0.000000 0.000000 0.000000
0.000000 1.000000 -0.000000 0.000000
-0.000000 0.000000 1.000000 -0.000000
-0.000004 -1.923470 -0.001003 1.000000
BoneName: mixamorig:HeadTop_End
BoneIndex: 7
ParentIndex: 6
ChildCount: 0
1.000000 0.000000 -0.000000 0.000000
0.000000 1.000000 -0.000000 0.000000
-0.000000 -0.000000 1.000000 -0.000000
-0.000000 0.107568 -0.021070 1.000000
1.000000 -0.000000 0.000000 0.000000
0.000000 1.000000 -0.000000 0.000000
-0.000000 0.000000 1.000000 -0.000000
-0.000004 -2.031038 0.020067 1.000000
BoneName: mixamorig:LeftShoulder
BoneIndex: 8
ParentIndex: 4
ChildCount: 1
9
 -0.184376 0.057667 0.981163 0.000000
0.936428 -0.292886 0.193184 0.000000
0.298509 0.954407 -0.000000 -0.000000
0.105744 0.230092 0.073230 1.000000
-0.184376 0.936428 0.298509 0.000000
0.057667 -0.292886 0.954407 0.000000
0.981163 0.193183 -0.000000 -0.000000
-0.163483 0.387173 -1.669797 1.000000
BoneName: mixamorig:LeftArm
BoneIndex: 9
ParentIndex: 8
ChildCount: 1
10
 0.981163 0.193183 -0.000000 0.000000
-0.184376 0.936428 0.298509 0.000000
0.057667 -0.292886 0.954407 -0.000000
-0.000000 0.158882 -0.000000 1.000000
0.000000 1.000000 -0.000000 0.000000
-0.000000 0.000000 1.000000 0.000000
1.000000 -0.000000 0.000000 -0.000000
-0.116301 -0.254529 -1.669956 1.000000
BoneName: mixamorig:LeftForeArm
BoneIndex: 10
ParentIndex: 9
ChildCount: 1
11
 0.999848 0.017451 -0.000000 0.000000
-0.017451 0.999848 -0.000000 0.000000
-0.000000 -0.000000 1.000000 -0.000000
-0.000000 0.241090 -0.000000 1.000000
0.017452 0.999848 -0.000000 0.000000
-0.000000 0.000000 1.000000 0.000000
0.999848 -0.017452 0.000000 -0.000000
-0.124933 -0.493515 -1.669956 1.000000
BoneName: mixamorig:LeftHand
BoneIndex: 11
ParentIndex: 10
ChildCount: 5
12
 16
 20
 24
 28
 1.000000 0.000000 -0.000000 0.000000
0.000000 1.000000 -0.000000 0.000000
-0.000000 -0.000000 1.000000 -0.000000
0.000000 0.316792 0.000000 1.000000
0.017451 0.999848 -0.000000 0.000000
-0.000000 0.000000 1.000000 0.000000
0.999848 -0.017451 0.000000 -0.000000
-0.124933 -0.810307 -1.669956 1.000000
BoneName: mixamorig:LeftHandThumb1
BoneIndex: 12
ParentIndex: 11
ChildCount: 1
13
 0.859342 0.510896 0.022715 0.000000
-0.448410 0.774107 -0.446864 0.000000
-0.245885 0.373824 0.894314 -0.000000
-0.038405 0.062786 -0.105692 1.000000
0.525815 0.766164 0.369476 0.000000
0.022715 -0.446864 0.894314 0.000000
0.850296 -0.461851 -0.252371 -0.000000
-0.555948 0.061946 -1.704049 1.000000
BoneName: mixamorig:LeftHandThumb2
BoneIndex: 13
ParentIndex: 12
ChildCount: 1
14
 1.000000 0.000000 -0.000000 0.000000
0.000000 1.000000 -0.000000 0.000000
-0.000000 -0.000000 1.000000 -0.000000
0.000000 0.073624 0.000000 1.000000
0.525815 0.766164 0.369475 0.000000
0.022715 -0.446864 0.894314 0.000000
0.850296 -0.461851 -0.252371 -0.000000
-0.555948 -0.011678 -1.704049 1.000000
BoneName: mixamorig:LeftHandThumb3
BoneIndex: 14
ParentIndex: 13
ChildCount: 1
15
 1.000000 0.000000 -0.000000 0.000000
0.000000 1.000000 -0.000000 0.000000
-0.000000 -0.000000 1.000000 -0.000000
0.000000 0.081314 0.000000 1.000000
0.525815 0.766164 0.369475 0.000000
0.022715 -0.446864 0.894314 0.000000
0.850296 -0.461851 -0.252371 -0.000000
-0.555948 -0.092992 -1.704049 1.000000
BoneName: mixamorig:LeftHandThumb4
BoneIndex: 15
ParentIndex: 14
ChildCount: 0
1.000000 0.000000 -0.000000 0.000000
0.000000 1.000000 -0.000000 0.000000
-0.000000 -0.000000 1.000000 -0.000000
0.000000 0.108148 0.000000 1.000000
0.525815 0.766164 0.369475 0.000000
0.022715 -0.446864 0.894314 0.000000
0.850296 -0.461851 -0.252371 -0.000000
-0.555948 -0.201140 -1.704049 1.000000
BoneName: mixamorig:LeftHandIndex1
BoneIndex: 16
ParentIndex: 11
ChildCount: 1
17
 1.000000 0.000000 -0.000000 0.000000
0.000000 1.000000 -0.000000 0.000000
-0.000000 -0.000000 1.000000 -0.000000
-0.061626 0.199694 -0.043209 1.000000
0.017452 0.999848 -0.000000 0.000000
-0.000000 0.000000 1.000000 0.000000
0.999848 -0.017452 0.000000 -0.000000
-0.063308 -1.010001 -1.626747 1.000000
BoneName: mixamorig:LeftHandIndex2
BoneIndex: 17
ParentIndex: 16
ChildCount: 1
18
 1.000000 0.000000 -0.000000 0.000000
0.000000 1.000000 -0.000000 0.000000
-0.000000 -0.000000 1.000000 -0.000000
-0.000000 0.115082 -0.000000 1.000000
0.017451 0.999848 -0.000000 0.000000
-0.000000 0.000000 1.000000 0.000000
0.999848 -0.017451 0.000000 -0.000000
-0.063307 -1.125083 -1.626747 1.000000
BoneName: mixamorig:LeftHandIndex3
BoneIndex: 18
ParentIndex: 17
ChildCount: 1
19
 1.000000 0.000000 -0.000000 0.000000
0.000000 1.000000 -0.000000 0.000000
-0.000000 -0.000000 1.000000 -0.000000
0.000000 0.113094 0.000000 1.000000
0.017452 0.999848 -0.000001 0.000000
-0.000000 0.000001 1.000000 0.000000
0.999848 -0.017452 0.000000 -0.000000
-0.063308 -1.238178 -1.626746 1.000000
BoneName: mixamorig:LeftHandIndex4
BoneIndex: 19
ParentIndex: 18
ChildCount: 0
1.000000 0.000000 -0.000000 0.000000
0.000000 1.000000 -0.000000 0.000000
-0.000000 -0.000000 1.000000 -0.000000
-0.000000 0.236479 0.000000 1.000000
0.017452 0.999848 -0.000001 0.000000
-0.000000 0.000001 1.000000 0.000000
0.999848 -0.017452 0.000000 -0.000000
-0.063308 -1.474658 -1.626746 1.000000
BoneName: mixamorig:LeftHandMiddle1
BoneIndex: 20
ParentIndex: 11
ChildCount: 1
21
 1.000000 0.000000 -0.000000 0.000000
0.000000 1.000000 -0.000000 0.000000
-0.000000 -0.000000 1.000000 -0.000000
0.000589 0.218025 0.000051 1.000000
0.017453 0.999848 -0.000000 0.000000
-0.000000 0.000000 1.000000 0.000000
0.999848 -0.017453 0.000000 -0.000000
-0.125524 -1.028331 -1.670007 1.000000
BoneName: mixamorig:LeftHandMiddle2
BoneIndex: 21
ParentIndex: 20
ChildCount: 1
22
 1.000000 0.000000 -0.000000 0.000000
0.000000 1.000000 -0.000000 0.000000
-0.000000 -0.000000 1.000000 -0.000000
0.000000 0.126275 -0.000000 1.000000
0.017454 0.999848 -0.000002 0.000000
-0.000000 0.000002 1.000000 0.000000
0.999848 -0.017454 0.000000 -0.000000
-0.125526 -1.154610 -1.670005 1.000000
BoneName: mixamorig:LeftHandMiddle3
BoneIndex: 22
ParentIndex: 21
ChildCount: 1
23
 1.000000 0.000000 -0.000000 0.000000
0.000000 1.000000 -0.000000 0.000000
-0.000000 -0.000000 1.000000 -0.000000
-0.000000 0.144981 -0.000000 1.000000
0.017453 0.999848 0.000002 0.000000
-0.000000 -0.000002 1.000000 0.000000
0.999848 -0.017453 -0.000000 -0.000000
-0.125524 -1.299585 -1.670010 1.000000
BoneName: mixamorig:LeftHandMiddle4
BoneIndex: 23
ParentIndex: 22
ChildCount: 0
1.000000 0.000000 -0.000000 0.000000
0.000000 1.000000 -0.000000 0.000000
-0.000000 -0.000000 1.000000 -0.000000
0.000000 0.205514 -0.000000 1.000000
0.017453 0.999848 0.000002 0.000000
-0.000000 -0.000002 1.000000 0.000000
0.999848 -0.017453 -0.000000 -0.000000
-0.125524 -1.505098 -1.670010 1.000000
BoneName: mixamorig:LeftHandRing1
BoneIndex: 24
ParentIndex: 11
ChildCount: 1
25
 1.000000 0.000000 -0.000000 0.000000
0.000000 1.000000 -0.000000 0.000000
-0.000000 -0.000000 1.000000 -0.000000
0.061713 0.185848 -0.016905 1.000000
0.017452 0.999848 -0.000001 0.000000
-0.000000 0.000001 1.000000 0.000000
0.999848 -0.017452 0.000000 -0.000000
-0.186647 -0.996156 -1.653051 1.000000
BoneName: mixamorig:LeftHandRing2
BoneIndex: 25
ParentIndex: 24
ChildCount: 1
26
 1.000000 0.000000 -0.000000 0.000000
0.000000 1.000000 -0.000000 0.000000
-0.000000 -0.000000 1.000000 -0.000000
-0.000000 0.136849 0.000000 1.000000
0.017452 0.999848 -0.000001 0.000000
-0.000000 0.000001 1.000000 0.000000
0.999848 -0.017452 0.000000 -0.000000
-0.186647 -1.133006 -1.653051 1.000000
BoneName: mixamorig:LeftHandRing3
BoneIndex: 26
ParentIndex: 25
ChildCount: 1
27
 1.000000 0.000000 -0.000000 0.000000
0.000000 1.000000 -0.000000 0.000000
-0.000000 -0.000000 1.000000 -0.000000
0.000000 0.101526 -0.000000 1.000000
0.017453 0.999848 -0.000002 0.000000
-0.000000 0.000002 1.000000 0.000000
0.999848 -0.017453 0.000000 -0.000000
-0.186648 -1.234533 -1.653050 1.000000
BoneName: mixamorig:LeftHandRing4
BoneIndex: 27
ParentIndex: 26
ChildCount: 0
1.000000 0.000000 -0.000000 0.000000
0.000000 1.000000 -0.000000 0.000000
-0.000000 -0.000000 1.000000 -0.000000
-0.000000 0.162482 -0.000000 1.000000
0.017453 0.999848 -0.000002 0.000000
-0.000000 0.000002 1.000000 0.000000
0.999848 -0.017453 0.000000 -0.000000
-0.186648 -1.397015 -1.653050 1.000000
BoneName: mixamorig:LeftHandPinky1
BoneIndex: 28
ParentIndex: 11
ChildCount: 1
29
 1.000000 0.000000 -0.000000 0.000000
0.000000 1.000000 -0.000000 0.000000
-0.000000 -0.000000 1.000000 -0.000000
0.119296 0.148605 -0.029729 1.000000
0.017452 0.999848 -0.000001 0.000000
-0.000000 0.000001 1.000000 0.000000
0.999848 -0.017452 0.000000 -0.000000
-0.244229 -0.958913 -1.640226 1.000000
BoneName: mixamorig:LeftHandPinky2
BoneIndex: 29
ParentIndex: 28
ChildCount: 1
30
 1.000000 0.000000 -0.000000 0.000000
0.000000 1.000000 -0.000000 0.000000
-0.000000 -0.000000 1.000000 -0.000000
0.000000 0.145990 0.000000 1.000000
0.017453 0.999848 -0.000005 0.000000
-0.000000 0.000005 1.000000 0.000000
0.999848 -0.017453 0.000000 -0.000000
-0.244230 -1.104908 -1.640222 1.000000
BoneName: mixamorig:LeftHandPinky3
BoneIndex: 30
ParentIndex: 29
ChildCount: 1
31
 1.000000 0.000000 -0.000000 0.000000
0.000000 1.000000 -0.000000 0.000000
-0.000000 -0.000000 1.000000 -0.000000
-0.000000 0.062936 -0.000000 1.000000
0.017453 0.999848 -0.000002 0.000000
-0.000000 0.000002 1.000000 0.000000
0.999848 -0.017453 0.000000 -0.000000
-0.244231 -1.167840 -1.640225 1.000000
BoneName: mixamorig:LeftHandPinky4
BoneIndex: 31
ParentIndex: 30
ChildCount: 0
1.000000 0.000000 -0.000000 0.000000
0.000000 1.000000 -0.000000 0.000000
-0.000000 -0.000000 1.000000 -0.000000
0.000000 0.188804 0.000000 1.000000
0.017453 0.999848 -0.000002 0.000000
-0.000000 0.000002 1.000000 0.000000
0.999848 -0.017453 0.000000 -0.000000
-0.244231 -1.356644 -1.640225 1.000000
BoneName: mixamorig:RightShoulder
BoneIndex: 32
ParentIndex: 4
ChildCount: 1
33
 -0.184376 -0.057662 -0.981163 0.000000
-0.936436 -0.292862 0.193183 0.000000
-0.298485 0.954414 -0.000000 -0.000000
-0.105744 0.230091 0.073230 1.000000
-0.184376 -0.936436 -0.298485 0.000000
-0.057662 -0.292862 0.954414 0.000000
-0.981163 0.193183 -0.000000 -0.000000
0.163476 0.387139 -1.669804 1.000000
BoneName: mixamorig:RightArm
BoneIndex: 33
ParentIndex: 32
ChildCount: 1
34
 0.981163 -0.193183 -0.000000 0.000000
0.184376 0.936436 0.298485 0.000000
-0.057662 -0.292862 0.954414 -0.000000
-0.000000 0.158880 -0.000000 1.000000
0.000000 -1.000000 0.000000 0.000000
-0.000000 0.000000 1.000000 0.000000
-1.000000 -0.000000 0.000000 -0.000000
0.116301 -0.254521 -1.669960 1.000000
BoneName: mixamorig:RightForeArm
BoneIndex: 34
ParentIndex: 33
ChildCount: 1
35
 0.999848 -0.017446 -0.000000 0.000000
0.017446 0.999848 -0.000000 0.000000
-0.000000 -0.000000 1.000000 -0.000000
-0.000000 0.241090 0.000000 1.000000
0.017449 -0.999848 -0.000000 0.000000
0.000000 0.000000 1.000000 0.000000
-0.999848 -0.017449 0.000000 -0.000000
0.124931 -0.493506 -1.669960 1.000000
BoneName: mixamorig:RightHand
BoneIndex: 35
ParentIndex: 34
ChildCount: 5
36
 40
 44
 48
 52
 1.000000 0.000000 -0.000000 0.000000
0.000000 1.000000 -0.000000 0.000000
-0.000000 -0.000000 1.000000 -0.000000
-0.000002 0.316793 -0.000000 1.000000
0.017446 -0.999848 -0.000000 0.000000
0.000000 0.000000 1.000000 0.000000
-0.999848 -0.017446 0.000000 -0.000000
0.124931 -0.810300 -1.669960 1.000000
BoneName: mixamorig:RightHandThumb1
BoneIndex: 36
ParentIndex: 35
ChildCount: 1
37
 0.860810 -0.508632 -0.017315 0.000000
0.448412 0.774105 -0.446864 0.000000
0.240693 0.376901 0.894434 -0.000000
0.038406 0.062786 -0.105700 1.000000
0.523573 -0.766165 -0.372644 0.000000
-0.017315 -0.446864 0.894434 0.000000
-0.851805 -0.461849 -0.247232 -0.000000
0.545646 0.061950 -1.707368 1.000000
BoneName: mixamorig:RightHandThumb2
BoneIndex: 37
ParentIndex: 36
ChildCount: 1
38
 1.000000 -0.000001 -0.000000 0.000000
0.000001 1.000000 0.000065 0.000000
-0.000000 -0.000065 1.000000 -0.000000
-0.000000 0.073624 0.000000 1.000000
0.523573 -0.766188 -0.372594 0.000000
-0.017315 -0.446806 0.894463 0.000000
-0.851805 -0.461866 -0.247202 -0.000000
0.545646 -0.011785 -1.707368 1.000000
BoneName: mixamorig:RightHandThumb3
BoneIndex: 38
ParentIndex: 37
ChildCount: 1
39
 1.000000 0.000017 0.000000 0.000000
-0.000017 1.000000 -0.000072 0.000000
-0.000000 0.000072 1.000000 -0.000000
0.000000 0.081311 0.000000 1.000000
0.523560 -0.766170 -0.372650 0.000000
-0.017322 -0.446870 0.894431 0.000000
-0.851813 -0.461833 -0.247235 -0.000000
0.545645 -0.092981 -1.707374 1.000000
BoneName: mixamorig:RightHandThumb4
BoneIndex: 39
ParentIndex: 38
ChildCount: 0
1.000000 0.000000 -0.000000 0.000000
0.000000 1.000000 -0.000000 0.000000
-0.000000 -0.000000 1.000000 -0.000000
0.000000 0.108152 0.000000 1.000000
0.523560 -0.766170 -0.372650 0.000000
-0.017322 -0.446870 0.894431 0.000000
-0.851813 -0.461833 -0.247235 -0.000000
0.545645 -0.201134 -1.707374 1.000000
BoneName: mixamorig:RightHandIndex1
BoneIndex: 40
ParentIndex: 35
ChildCount: 1
41
 1.000000 0.000000 -0.000000 0.000000
0.000000 1.000000 -0.000000 0.000000
-0.000000 -0.000000 1.000000 -0.000000
0.061627 0.199696 -0.043210 1.000000
0.017449 -0.999848 -0.000000 0.000000
0.000000 0.000000 1.000000 0.000000
-0.999848 -0.017449 0.000000 -0.000000
0.063307 -1.009995 -1.626750 1.000000
BoneName: mixamorig:RightHandIndex2
BoneIndex: 41
ParentIndex: 40
ChildCount: 1
42
 1.000000 0.000000 -0.000000 0.000000
0.000000 1.000000 -0.000000 0.000000
-0.000000 -0.000000 1.000000 -0.000000
-0.000000 0.115080 -0.000000 1.000000
0.017448 -0.999848 -0.000000 0.000000
0.000000 0.000000 1.000000 0.000000
-0.999848 -0.017448 0.000000 -0.000000
0.063306 -1.125075 -1.626750 1.000000
BoneName: mixamorig:RightHandIndex3
BoneIndex: 42
ParentIndex: 41
ChildCount: 1
43
 1.000000 0.000000 -0.000000 0.000000
0.000000 1.000000 -0.000000 0.000000
-0.000000 -0.000000 1.000000 -0.000000
0.000000 0.113090 -0.000000 1.000000
0.017449 -0.999848 -0.000000 0.000000
0.000000 0.000000 1.000000 0.000000
-0.999848 -0.017449 0.000000 -0.000000
0.063308 -1.238165 -1.626750 1.000000
BoneName: mixamorig:RightHandIndex4
BoneIndex: 43
ParentIndex: 42
ChildCount: 0
1.000000 0.000000 -0.000000 0.000000
0.000000 1.000000 -0.000000 0.000000
-0.000000 -0.000000 1.000000 -0.000000
-0.000000 0.236480 -0.000000 1.000000
0.017449 -0.999848 -0.000000 0.000000
0.000000 0.000000 1.000000 0.000000
-0.999848 -0.017449 0.000000 -0.000000
0.063308 -1.474645 -1.626750 1.000000
BoneName: mixamorig:RightHandMiddle1
BoneIndex: 44
ParentIndex: 35
ChildCount: 1
45
 1.000000 0.000000 -0.000000 0.000000
0.000000 1.000000 -0.000000 0.000000
-0.000000 -0.000000 1.000000 -0.000000
-0.000588 0.218026 0.000050 1.000000
0.017449 -0.999848 -0.000000 0.000000
0.000000 0.000000 1.000000 0.000000
-0.999848 -0.017449 0.000000 -0.000000
0.125522 -1.028325 -1.670010 1.000000
BoneName: mixamorig:RightHandMiddle2
BoneIndex: 45
ParentIndex: 44
ChildCount: 1
46
 1.000000 -0.000007 -0.000000 0.000000
0.000007 1.000000 -0.000000 0.000000
-0.000000 -0.000000 1.000000 -0.000000
-0.000000 0.126270 -0.000000 1.000000
0.017456 -0.999848 -0.000000 0.000000
0.000000 0.000000 1.000000 0.000000
-0.999848 -0.017456 0.000000 -0.000000
0.125530 -1.154594 -1.670010 1.000000
BoneName: mixamorig:RightHandMiddle3
BoneIndex: 46
ParentIndex: 45
ChildCount: 1
47
 1.000000 0.000007 -0.000000 0.000000
-0.000007 1.000000 -0.000000 0.000000
-0.000000 -0.000000 1.000000 -0.000000
-0.000000 0.144980 -0.000000 1.000000
0.017449 -0.999848 -0.000000 0.000000
0.000000 0.000000 1.000000 0.000000
-0.999848 -0.017449 0.000000 -0.000000
0.125521 -1.299575 -1.670010 1.000000
BoneName: mixamorig:RightHandMiddle4
BoneIndex: 47
ParentIndex: 46
ChildCount: 0
1.000000 0.000000 -0.000000 0.000000
0.000000 1.000000 -0.000000 0.000000
-0.000000 -0.000000 1.000000 -0.000000
-0.000000 0.205520 -0.000000 1.000000
0.017449 -0.999848 -0.000000 0.000000
0.000000 0.000000 1.000000 0.000000
-0.999848 -0.017449 0.000000 -0.000000
0.125521 -1.505095 -1.670010 1.000000
BoneName: mixamorig:RightHandRing1
BoneIndex: 48
ParentIndex: 35
ChildCount: 1
49
 1.000000 0.000000 -0.000000 0.000000
0.000000 1.000000 -0.000000 0.000000
-0.000000 -0.000000 1.000000 -0.000000
-0.061712 0.185847 -0.016910 1.000000
0.017449 -0.999848 -0.000000 0.000000
0.000000 0.000000 1.000000 0.000000
-0.999848 -0.017449 0.000000 -0.000000
0.186646 -0.996146 -1.653050 1.000000
BoneName: mixamorig:RightHandRing2
BoneIndex: 49
ParentIndex: 48
ChildCount: 1
50
 1.000000 0.000000 -0.000000 0.000000
0.000000 1.000000 -0.000000 0.000000
-0.000000 -0.000000 1.000000 -0.000000
-0.000000 0.136849 -0.000000 1.000000
0.017449 -0.999848 -0.000000 0.000000
0.000000 0.000000 1.000000 0.000000
-0.999848 -0.017449 0.000000 -0.000000
0.186646 -1.132995 -1.653050 1.000000
BoneName: mixamorig:RightHandRing3
BoneIndex: 50
ParentIndex: 49
ChildCount: 1
51
 1.000000 0.000000 -0.000000 0.000000
0.000000 1.000000 -0.000000 0.000000
-0.000000 -0.000000 1.000000 -0.000000
-0.000000 0.101530 -0.000000 1.000000
0.017449 -0.999848 -0.000000 0.000000
0.000000 0.000000 1.000000 0.000000
-0.999848 -0.017449 0.000000 -0.000000
0.186646 -1.234525 -1.653050 1.000000
BoneName: mixamorig:RightHandRing4
BoneIndex: 51
ParentIndex: 50
ChildCount: 0
1.000000 0.000000 -0.000000 0.000000
0.000000 1.000000 -0.000000 0.000000
-0.000000 -0.000000 1.000000 -0.000000
-0.000000 0.162480 -0.000000 1.000000
0.017449 -0.999848 -0.000000 0.000000
0.000000 0.000000 1.000000 0.000000
-0.999848 -0.017449 0.000000 -0.000000
0.186646 -1.397005 -1.653050 1.000000
BoneName: mixamorig:RightHandPinky1
BoneIndex: 52
ParentIndex: 35
ChildCount: 1
53
 1.000000 0.000000 -0.000000 0.000000
0.000000 1.000000 -0.000000 0.000000
-0.000000 -0.000000 1.000000 -0.000000
-0.119295 0.148604 -0.029730 1.000000
0.017449 -0.999848 -0.000000 0.000000
0.000000 0.000000 1.000000 0.000000
-0.999848 -0.017449 0.000000 -0.000000
0.244228 -0.958903 -1.640230 1.000000
BoneName: mixamorig:RightHandPinky2
BoneIndex: 53
ParentIndex: 52
ChildCount: 1
54
 1.000000 0.000000 -0.000000 0.000000
0.000000 1.000000 -0.000000 0.000000
-0.000000 -0.000000 1.000000 -0.000000
-0.000000 0.145992 -0.000000 1.000000
0.017449 -0.999848 -0.000000 0.000000
0.000000 0.000000 1.000000 0.000000
-0.999848 -0.017449 0.000000 -0.000000
0.244228 -1.104895 -1.640230 1.000000
BoneName: mixamorig:RightHandPinky3
BoneIndex: 54
ParentIndex: 53
ChildCount: 1
55
 1.000000 0.000000 -0.000000 0.000000
0.000000 1.000000 -0.000000 0.000000
-0.000000 -0.000000 1.000000 -0.000000
-0.000000 0.062930 -0.000000 1.000000
0.017449 -0.999848 -0.000000 0.000000
0.000000 0.000000 1.000000 0.000000
-0.999848 -0.017449 0.000000 -0.000000
0.244228 -1.167825 -1.640230 1.000000
BoneName: mixamorig:RightHandPinky4
BoneIndex: 55
ParentIndex: 54
ChildCount: 0
1.000000 0.000000 -0.000000 0.000000
0.000000 1.000000 -0.000000 0.000000
-0.000000 -0.000000 1.000000 -0.000000
-0.000000 0.188810 -0.000000 1.000000
0.017449 -0.999848 -0.000000 0.000000
0.000000 0.000000 1.000000 0.000000
-0.999848 -0.017449 0.000000 -0.000000
0.244228 -1.356635 -1.640230 1.000000
BoneName: mixamorig:LeftUpLeg
BoneIndex: 56
ParentIndex: 1
ChildCount: 1
57
 -1.000000 0.000002 -0.000000 0.000000
-0.000002 -0.999746 -0.022536 0.000000
-0.000000 -0.022536 0.999746 -0.000000
0.122975 -0.067421 0.010003 1.000000
-1.000000 -0.000000 0.000000 0.000000
0.000000 -0.999746 -0.022541 0.000000
0.000000 -0.022541 0.999746 -0.000000
0.122975 1.099699 0.023823 1.000000
BoneName: mixamorig:LeftLeg
BoneIndex: 57
ParentIndex: 56
ChildCount: 1
58
 1.000000 0.000000 -0.000000 0.000000
-0.000000 0.995379 0.096029 0.000000
0.000000 -0.096029 0.995379 -0.000000
0.000000 0.457150 -0.000000 1.000000
-1.000000 0.000000 0.000000 0.000000
-0.000000 -0.997290 0.073567 0.000000
0.000000 0.073567 0.997290 -0.000000
0.122975 0.641867 -0.037990 1.000000
BoneName: mixamorig:LeftFoot
BoneIndex: 58
ParentIndex: 57
ChildCount: 1
59
 0.994215 0.046716 -0.096714 0.000000
-0.106793 0.525987 -0.843761 0.000000
0.011453 0.849209 0.527933 -0.000000
0.000000 0.501640 -0.000000 1.000000
-0.994215 0.106793 -0.011453 0.000000
-0.053704 -0.586631 -0.808072 0.000000
-0.093015 -0.802782 0.588972 -0.000000
0.132488 0.092679 0.100435 1.000000
BoneName: mixamorig:LeftToeBase
BoneIndex: 59
ParentIndex: 58
ChildCount: 1
60
 0.998557 -0.030829 -0.043981 0.000000
-0.000872 0.809449 -0.587190 0.000000
0.053703 0.586381 0.808253 -0.000000
0.000000 0.243000 -0.000000 1.000000
-0.995569 0.094036 -0.000027 0.000000
-0.000002 -0.000309 -1.000000 0.000000
-0.094036 -0.995569 0.000308 -0.000000
0.132514 -0.180767 0.000146 1.000000
BoneName: mixamorig:LeftToe_End
BoneIndex: 60
ParentIndex: 59
ChildCount: 0
1.000000 0.000000 -0.000000 0.000000
0.000000 1.000000 -0.000000 0.000000
-0.000000 -0.000000 1.000000 -0.000000
0.000000 0.114129 -0.000000 1.000000
-0.995569 0.094036 -0.000027 0.000000
-0.000002 -0.000309 -1.000000 0.000000
-0.094036 -0.995569 0.000308 -0.000000
0.132514 -0.294896 0.000146 1.000000
BoneName: mixamorig:RightUpLeg
BoneIndex: 61
ParentIndex: 1
ChildCount: 1
62
 -1.000000 -0.000002 0.000004 0.000000
0.000002 -0.999746 -0.022541 0.000000
0.000004 -0.022541 0.999746 -0.000000
-0.122975 -0.067417 0.010003 1.000000
-1.000000 0.000003 0.000004 0.000000
-0.000003 -0.999746 -0.022541 0.000000
0.000004 -0.022541 0.999746 -0.000000
-0.122971 1.099703 0.023823 1.000000
BoneName: mixamorig:RightLeg
BoneIndex: 62
ParentIndex: 61
ChildCount: 1
63
 1.000000 -0.000007 -0.000000 0.000000
0.000007 0.995379 0.096029 0.000000
-0.000001 -0.096029 0.995379 -0.000000
0.000000 0.457154 0.000000 1.000000
-1.000000 -0.000003 0.000004 0.000000
0.000003 -0.997290 0.073567 0.000000
0.000004 0.073567 0.997290 -0.000000
-0.122976 0.641866 -0.037990 1.000000
BoneName: mixamorig:RightFoot
BoneIndex: 63
ParentIndex: 62
ChildCount: 1
64
 0.994216 -0.046709 0.096709 0.000000
0.106785 0.525990 -0.843761 0.000000
-0.011457 0.849207 0.527935 -0.000000
0.000000 0.501640 -0.000000 1.000000
-0.994216 -0.106790 0.011456 0.000000
0.053700 -0.586637 -0.808068 0.000000
0.093014 -0.802778 0.588978 -0.000000
-0.132488 0.092680 0.100434 1.000000
BoneName: mixamorig:RightToeBase
BoneIndex: 64
ParentIndex: 63
ChildCount: 1
65
 0.998557 0.030820 0.043986 0.000000
0.000883 0.809443 -0.587197 0.000000
-0.053702 0.586389 0.808248 -0.000000
-0.000000 0.243000 -0.000000 1.000000
-0.995568 -0.094045 0.000030 0.000000
-0.000002 -0.000307 -1.000000 0.000000
0.094045 -0.995568 0.000305 -0.000000
-0.132512 -0.180767 0.000144 1.000000
BoneName: mixamorig:RightToe_End
BoneIndex: 65
ParentIndex: 64
ChildCount: 0
1.000000 0.000000 -0.000000 0.000000
0.000000 1.000000 -0.000000 0.000000
-0.000000 -0.000000 1.000000 -0.000000
-0.000000 0.114130 -0.000000 1.000000
-0.995568 -0.094045 0.000030 0.000000
-0.000002 -0.000307 -1.000000 0.000000
0.094045 -0.995568 0.000305 -0.000000
-0.132512 -0.294897 0.000144 1.000000
BoneName: mixamorig:BackCloth1
BoneIndex: 66
ParentIndex: 1
ChildCount: 1
67
 -0.999934 -0.005969 0.009805 0.000000
0.004480 -0.989366 -0.145377 0.000000
0.010568 -0.145324 0.989328 -0.000000
-0.000000 0.012019 0.198975 1.000000
-0.999934 0.004482 0.010568 0.000000
-0.005970 -0.989366 -0.145324 0.000000
0.009805 -0.145377 0.989328 -0.000000
0.005179 1.194468 -0.016523 1.000000
BoneName: mixamorig:BackCloth2
BoneIndex: 67
ParentIndex: 66
ChildCount: 1
68
 1.000000 0.000000 -0.000000 0.000000
0.000000 0.992613 0.121319 0.000000
-0.000000 -0.121319 0.992613 -0.000000
0.000000 0.229562 0.000000 1.000000
-0.999934 0.005731 0.009947 0.000000
-0.005970 -0.999689 -0.024221 0.000000
0.009805 -0.024279 0.999657 -0.000000
0.005179 0.955774 -0.133462 1.000000
BoneName: mixamorig:BackCloth3
BoneIndex: 68
ParentIndex: 67
ChildCount: 1
69
 1.000000 0.000000 -0.000000 0.000000
0.000000 1.000000 -0.000000 0.000000
-0.000000 -0.000000 1.000000 -0.000000
-0.000000 0.232465 0.000000 1.000000
-0.999934 0.005731 0.009947 0.000000
-0.005970 -0.999689 -0.024221 0.000000
0.009805 -0.024279 0.999657 -0.000000
0.005179 0.723309 -0.133462 1.000000
BoneName: mixamorig:BackCloth4
BoneIndex: 69
ParentIndex: 68
ChildCount: 0
1.000000 0.000000 -0.000000 0.000000
0.000000 1.000000 -0.000000 0.000000
-0.000000 -0.000000 1.000000 -0.000000
0.000000 0.261060 0.000000 1.000000
-0.999934 0.005731 0.009947 0.000000
-0.005970 -0.999689 -0.024221 0.000000
0.009805 -0.024279 0.999657 -0.000000
0.005179 0.462249 -0.133462 1.000000
BoneName: mixamorig:FrontCloth1
BoneIndex: 70
ParentIndex: 1
ChildCount: 1
71
 1.000000 -0.000002 0.000000 0.000000
-0.000002 -0.992614 -0.121319 0.000000
0.000000 0.121319 -0.992614 -0.000000
-0.000000 -0.055935 -0.137707 1.000000
1.000000 0.000000 -0.000000 0.000000
0.000000 -0.992614 0.121319 0.000000
-0.000000 -0.121319 -0.992614 -0.000000
-0.000000 1.085431 -0.280493 1.000000
BoneName: mixamorig:FrontCloth2
BoneIndex: 71
ParentIndex: 70
ChildCount: 1
72
 1.000000 0.000000 -0.000000 0.000000
0.000000 0.992614 -0.121319 0.000000
-0.000000 0.121319 0.992614 -0.000000
0.000000 0.152519 0.000000 1.000000
1.000000 0.000000 -0.000000 0.000000
0.000000 -1.000000 0.000000 0.000000
0.000000 -0.000000 -1.000000 -0.000000
-0.000000 0.960050 -0.165241 1.000000
BoneName: mixamorig:FrontCloth3
BoneIndex: 72
ParentIndex: 71
ChildCount: 1
73
 1.000000 0.000000 -0.000000 0.000000
0.000000 1.000000 -0.000000 0.000000
-0.000000 -0.000000 1.000000 -0.000000
0.000000 0.277788 0.000000 1.000000
1.000000 0.000000 -0.000000 0.000000
0.000000 -1.000000 0.000000 0.000000
0.000000 -0.000000 -1.000000 -0.000000
-0.000000 0.682263 -0.165241 1.000000
BoneName: mixamorig:FrontCloth4
BoneIndex: 73
ParentIndex: 72
ChildCount: 0
1.000000 0.000000 -0.000000 0.000000
0.000000 1.000000 -0.000000 0.000000
-0.000000 -0.000000 1.000000 -0.000000
0.000000 0.246177 -0.000000 1.000000
1.000000 0.000000 -0.000000 0.000000
0.000000 -1.000000 0.000000 0.000000
0.000000 -0.000000 -1.000000 -0.000000
-0.000000 0.436086 -0.165241 1.000000
BoneName: skeletonZombie
BoneIndex: 74
ParentIndex: 0
ChildCount: 0
1.000000 0.000000 -0.000000 0.000000
0.000000 1.000000 -0.000000 0.000000
-0.000000 -0.000000 1.000000 -0.000000
0.000000 0.000000 -0.000000 1.000000
1.000000 0.000000 0.000000 0.000000
0.000000 1.000000 0.000000 0.000000
0.000000 0.000000 1.000000 0.000000
0.000000 0.000000 0.000000 1.000000
