BoneCount: 67
RootBone: 0
BoneName: RootNode
BoneIndex: 0
ParentIndex: -1
ChildCount: 2
1
 2
 1.000000 0.000000 -0.000000 0.000000
0.000000 1.000000 -0.000000 0.000000
-0.000000 -0.000000 1.000000 -0.000000
0.000000 0.000000 -0.000000 1.000000
1.000000 0.000000 0.000000 0.000000
0.000000 1.000000 0.000000 0.000000
0.000000 0.000000 1.000000 0.000000
0.000000 0.000000 0.000000 1.000000
BoneName: Mesh
BoneIndex: 1
ParentIndex: 0
ChildCount: 0
1.000000 0.000000 -0.000000 0.000000
0.000000 1.000000 -0.000000 0.000000
-0.000000 -0.000000 1.000000 -0.000000
0.000000 0.000000 -0.000000 1.000000
1.000000 0.000000 0.000000 0.000000
0.000000 1.000000 0.000000 0.000000
0.000000 0.000000 1.000000 0.000000
0.000000 0.000000 0.000000 1.000000
BoneName: mixamorig:Hips
BoneIndex: 2
ParentIndex: 0
ChildCount: 3
3
 57
 62
 1.000000 0.000000 -0.000000 0.000000
0.000000 1.000000 -0.000000 0.000000
-0.000000 -0.000000 1.000000 -0.000000
-0.000007 0.810629 -0.005689 1.000000
1.000000 -0.000002 0.000000 0.000000
0.000002 1.000000 0.000000 0.000000
-0.000000 0.000000 1.000000 -0.000000
0.000006 -0.810629 0.005689 1.000000
BoneName: mixamorig:Spine
BoneIndex: 3
ParentIndex: 2
ChildCount: 1
4
 1.000000 -0.000002 0.000000 0.000000
0.000002 0.975485 0.220066 0.000000
-0.000000 -0.220066 0.975485 -0.000000
-0.000005 0.069796 -0.013270 1.000000
1.000000 0.000000 0.000000 0.000000
-0.000000 0.975485 -0.220066 0.000000
-0.000000 0.220066 0.975485 -0.000000
0.000012 -0.854669 0.212245 1.000000
BoneName: mixamorig:Spine1
BoneIndex: 4
ParentIndex: 3
ChildCount: 1
5
 0.999985 0.005547 -0.000521 0.000000
-0.005555 0.999801 -0.019175 0.000000
0.000414 0.019177 0.999816 -0.000000
-0.000000 0.091571 -0.000000 1.000000
0.999985 -0.005555 0.000414 0.000000
0.005525 0.979510 -0.201318 0.000000
0.000713 0.201318 0.979526 -0.000000
-0.005347 -0.950121 0.194060 1.000000
BoneName: mixamorig:Spine2
BoneIndex: 5
ParentIndex: 4
ChildCount: 3
6
 9
 33
 0.999985 -0.005555 0.000414 0.000000
0.005525 0.979510 -0.201318 0.000000
0.000713 0.201318 0.979526 -0.000000
0.000000 0.092259 -0.000000 1.000000
1.000000 -0.000000 -0.000000 0.000000
0.000000 1.000000 -0.000000 0.000000
0.000000 0.000000 1.000000 -0.000000
0.000524 -1.060119 -0.019766 1.000000
BoneName: mixamorig:Neck
BoneIndex: 6
ParentIndex: 5
ChildCount: 1
7
 1.000000 0.000000 -0.000000 0.000000
0.000000 1.000000 -0.000000 0.000000
-0.000000 -0.000000 1.000000 -0.000000
0.000160 0.103639 0.021211 1.000000
1.000000 -0.000000 -0.000000 0.000000
0.000000 1.000000 -0.000000 0.000000
0.000000 0.000000 1.000000 -0.000000
0.000365 -1.163757 -0.040977 1.000000
BoneName: mixamorig:Head
BoneIndex: 7
ParentIndex: 6
ChildCount: 1
8
 1.000000 0.000000 -0.000000 0.000000
0.000000 1.000000 -0.000000 0.000000
-0.000000 -0.000000 1.000000 -0.000000
0.000000 0.050564 -0.007196 1.000000
1.000000 -0.000000 -0.000000 0.000000
0.000000 1.000000 -0.000000 0.000000
0.000000 0.000000 1.000000 -0.000000
0.000365 -1.214322 -0.033781 1.000000
BoneName: mixamorig:HeadTop_End
BoneIndex: 8
ParentIndex: 7
ChildCount: 0
1.000000 0.000000 -0.000000 0.000000
0.000000 1.000000 -0.000000 0.000000
-0.000000 -0.000000 1.000000 -0.000000
0.000000 0.151437 -0.021550 1.000000
1.000000 -0.000000 -0.000000 0.000000
0.000000 1.000000 -0.000000 0.000000
0.000000 0.000000 1.000000 -0.000000
0.000365 -1.365759 -0.012231 1.000000
BoneName: mixamorig:LeftShoulder
BoneIndex: 9
ParentIndex: 5
ChildCount: 1
10
 -0.002926 -0.000000 0.999996 0.000000
0.958804 -0.284054 0.002806 0.000000
0.284053 0.958808 0.000831 -0.000000
0.036000 0.084365 0.020359 1.000000
-0.002926 0.958804 0.284053 0.000000
-0.000000 -0.284054 0.958808 0.000000
0.999996 0.002805 0.000831 -0.000000
-0.040021 0.290969 -1.107451 1.000000
BoneName: mixamorig:LeftArm
BoneIndex: 10
ParentIndex: 9
ChildCount: 1
11
 0.996745 -0.077300 -0.022901 0.000000
0.080617 0.952556 0.293494 0.000000
-0.000873 -0.294385 0.955687 -0.000000
0.000000 0.078658 0.000000 1.000000
-0.083537 0.996446 -0.010789 0.000000
-0.000000 0.010827 0.999941 0.000000
0.996505 0.083533 -0.000904 -0.000000
-0.030941 -0.126019 -1.120842 1.000000
BoneName: mixamorig:LeftForeArm
BoneIndex: 11
ParentIndex: 10
ChildCount: 1
12
 0.996505 0.083533 -0.000904 0.000000
-0.083538 0.996446 -0.010789 0.000000
-0.000000 0.010827 0.999941 -0.000000
-0.000000 0.189820 0.000000 1.000000
0.000001 1.000000 -0.000000 0.000000
-0.000000 0.000000 1.000000 0.000000
1.000000 -0.000001 0.000000 -0.000000
-0.056202 -0.300039 -1.124196 1.000000
BoneName: mixamorig:LeftHand
BoneIndex: 12
ParentIndex: 11
ChildCount: 5
13
 17
 21
 25
 29
 1.000000 0.000000 -0.000000 0.000000
0.000000 1.000000 -0.000000 0.000000
-0.000000 -0.000000 1.000000 -0.000000
0.000000 0.184362 0.000000 1.000000
0.000001 1.000000 -0.000000 0.000000
-0.000000 0.000000 1.000000 0.000000
1.000000 -0.000001 0.000000 -0.000000
-0.056202 -0.484400 -1.124196 1.000000
BoneName: mixamorig:LeftHandThumb1
BoneIndex: 13
ParentIndex: 12
ChildCount: 1
14
 0.858991 0.511501 0.022371 0.000000
-0.448987 0.773566 -0.447220 0.000000
-0.246059 0.374114 0.894144 -0.000000
-0.014228 0.030862 -0.012837 1.000000
0.511502 0.773566 0.374114 0.000000
0.022371 -0.447220 0.894144 0.000000
0.858991 -0.448987 -0.246059 -0.000000
-0.324475 0.117279 -1.176153 1.000000
BoneName: mixamorig:LeftHandThumb2
BoneIndex: 14
ParentIndex: 13
ChildCount: 1
15
 0.999629 -0.027233 -0.000199 0.000000
0.027233 0.999629 -0.000705 0.000000
0.000218 0.000699 1.000000 -0.000000
0.000000 0.029292 -0.000000 1.000000
0.490171 0.786945 0.374766 0.000000
0.034364 -0.447075 0.893836 0.000000
0.870948 -0.425255 -0.246186 -0.000000
-0.326517 0.079947 -1.176162 1.000000
BoneName: mixamorig:LeftHandThumb3
BoneIndex: 15
ParentIndex: 14
ChildCount: 1
16
 0.999683 0.025177 0.000201 0.000000
-0.025177 0.999683 0.000653 0.000000
-0.000185 -0.000658 1.000000 -0.000000
0.000000 0.026523 -0.000000 1.000000
0.509904 0.774599 0.374158 0.000000
0.023277 -0.447215 0.894124 0.000000
0.859916 -0.447208 -0.246067 -0.000000
-0.325306 0.060860 -1.176137 1.000000
BoneName: mixamorig:LeftHandThumb4
BoneIndex: 16
ParentIndex: 15
ChildCount: 0
1.000000 0.000000 -0.000000 0.000000
0.000000 1.000000 -0.000000 0.000000
-0.000000 -0.000000 1.000000 -0.000000
0.000000 0.027056 -0.000000 1.000000
0.509904 0.774599 0.374158 0.000000
0.023277 -0.447215 0.894124 0.000000
0.859916 -0.447208 -0.246067 -0.000000
-0.325306 0.033803 -1.176137 1.000000
BoneName: mixamorig:LeftHandIndex1
BoneIndex: 17
ParentIndex: 12
ChildCount: 1
18
 0.998581 -0.053255 -0.000000 0.000000
0.052915 0.992209 -0.112785 0.000000
0.006006 0.112625 0.993619 -0.000000
-0.019108 0.074640 0.010130 1.000000
-0.053254 0.992209 0.112625 0.000000
-0.000000 -0.112785 0.993619 0.000000
0.998581 0.052914 0.006006 -0.000000
-0.007270 -0.428712 -1.190272 1.000000
BoneName: mixamorig:LeftHandIndex2
BoneIndex: 18
ParentIndex: 17
ChildCount: 1
19
 1.000000 0.000000 -0.000000 0.000000
0.000000 1.000000 -0.000000 0.000000
-0.000000 -0.000000 1.000000 -0.000000
0.000000 0.033000 0.000000 1.000000
-0.053249 0.992210 0.112624 0.000000
-0.000000 -0.112784 0.993620 0.000000
0.998581 0.052909 0.006006 -0.000000
-0.007274 -0.461713 -1.190272 1.000000
BoneName: mixamorig:LeftHandIndex3
BoneIndex: 19
ParentIndex: 18
ChildCount: 1
20
 1.000000 0.000012 0.000001 0.000000
-0.000012 1.000000 -0.000001 0.000000
-0.000001 0.000001 1.000000 -0.000000
0.000000 0.020000 0.000000 1.000000
-0.053237 0.992210 0.112625 0.000000
-0.000000 -0.112785 0.993619 0.000000
0.998582 0.052897 0.006004 -0.000000
-0.007281 -0.481712 -1.190273 1.000000
BoneName: mixamorig:LeftHandIndex4
BoneIndex: 20
ParentIndex: 19
ChildCount: 0
1.000000 0.000000 -0.000000 0.000000
0.000000 1.000000 -0.000000 0.000000
-0.000000 -0.000000 1.000000 -0.000000
0.000000 0.023343 0.000000 1.000000
-0.053237 0.992210 0.112625 0.000000
-0.000000 -0.112785 0.993619 0.000000
0.998582 0.052897 0.006004 -0.000000
-0.007281 -0.505055 -1.190273 1.000000
BoneName: mixamorig:LeftHandMiddle1
BoneIndex: 21
ParentIndex: 12
ChildCount: 1
22
 0.996806 -0.079861 -0.000000 0.000000
0.078776 0.983253 -0.164339 0.000000
0.013124 0.163814 0.986404 -0.000000
-0.002197 0.074859 0.014067 1.000000
-0.079861 0.983253 0.163814 0.000000
-0.000000 -0.164339 0.986404 0.000000
0.996806 0.078775 0.013124 -0.000000
-0.009170 -0.367087 -1.215110 1.000000
BoneName: mixamorig:LeftHandMiddle2
BoneIndex: 22
ParentIndex: 21
ChildCount: 1
23
 1.000000 0.000457 0.000076 0.000000
-0.000457 1.000000 -0.000003 0.000000
-0.000076 0.000003 1.000000 -0.000000
0.000000 0.036000 0.000000 1.000000
-0.079399 0.983289 0.163823 0.000000
-0.000000 -0.164342 0.986403 0.000000
0.996843 0.078319 0.013049 -0.000000
-0.009446 -0.403079 -1.215110 1.000000
BoneName: mixamorig:LeftHandMiddle3
BoneIndex: 23
ParentIndex: 22
ChildCount: 1
24
 1.000000 -0.000552 -0.000092 0.000000
0.000552 1.000000 0.000004 0.000000
0.000092 -0.000004 1.000000 -0.000000
0.000000 0.023000 0.000000 1.000000
-0.079957 0.983246 0.163812 0.000000
-0.000000 -0.164338 0.986404 0.000000
0.996798 0.078870 0.013140 -0.000000
-0.009100 -0.426089 -1.215109 1.000000
BoneName: mixamorig:LeftHandMiddle4
BoneIndex: 24
ParentIndex: 23
ChildCount: 0
1.000000 0.000000 -0.000000 0.000000
0.000000 1.000000 -0.000000 0.000000
-0.000000 -0.000000 1.000000 -0.000000
0.000000 0.027520 -0.000000 1.000000
-0.079957 0.983246 0.163812 0.000000
-0.000000 -0.164338 0.986404 0.000000
0.996798 0.078870 0.013140 -0.000000
-0.009100 -0.453610 -1.215109 1.000000
BoneName: mixamorig:LeftHandRing1
BoneIndex: 25
ParentIndex: 12
ChildCount: 1
26
 0.987161 -0.159726 -0.000000 0.000000
0.155716 0.962377 -0.222673 0.000000
0.035567 0.219815 0.974893 -0.000000
0.010829 0.071200 0.015184 1.000000
-0.159726 0.962377 0.219815 0.000000
-0.000000 -0.222673 0.974893 0.000000
0.987161 0.155716 0.035567 -0.000000
0.022573 -0.291424 -1.235286 1.000000
BoneName: mixamorig:LeftHandRing2
BoneIndex: 26
ParentIndex: 25
ChildCount: 1
27
 1.000000 -0.000570 -0.000130 0.000000
0.000570 1.000000 0.000009 0.000000
0.000130 -0.000009 1.000000 -0.000000
0.000000 0.034000 0.000000 1.000000
-0.160303 0.962288 0.219785 0.000000
-0.000000 -0.222665 0.974895 0.000000
0.987068 0.156278 0.035694 -0.000000
0.022920 -0.325423 -1.235280 1.000000
BoneName: mixamorig:LeftHandRing3
BoneIndex: 27
ParentIndex: 26
ChildCount: 1
28
 1.000000 0.000569 0.000130 0.000000
-0.000569 1.000000 -0.000009 0.000000
-0.000130 0.000008 1.000000 -0.000000
0.000000 0.020000 0.000000 1.000000
-0.159727 0.962377 0.219814 0.000000
-0.000000 -0.222673 0.974893 0.000000
0.987161 0.155717 0.035567 -0.000000
0.022563 -0.345425 -1.235286 1.000000
BoneName: mixamorig:LeftHandRing4
BoneIndex: 28
ParentIndex: 27
ChildCount: 0
1.000000 0.000000 -0.000000 0.000000
0.000000 1.000000 -0.000000 0.000000
-0.000000 -0.000000 1.000000 -0.000000
0.000000 0.022807 -0.000000 1.000000
-0.159727 0.962377 0.219814 0.000000
-0.000000 -0.222673 0.974893 0.000000
0.987161 0.155717 0.035567 -0.000000
0.022563 -0.368232 -1.235286 1.000000
BoneName: mixamorig:LeftHandPinky1
BoneIndex: 29
ParentIndex: 12
ChildCount: 1
30
 0.984535 -0.175187 -0.000000 0.000000
0.171411 0.963311 -0.206520 0.000000
0.036180 0.203326 0.978442 -0.000000
0.024314 0.065764 0.011849 1.000000
-0.175187 0.963311 0.203326 0.000000
-0.000000 -0.206520 0.978442 0.000000
0.984535 0.171410 0.036180 -0.000000
0.017111 -0.309165 -1.226330 1.000000
BoneName: mixamorig:LeftHandPinky2
BoneIndex: 30
ParentIndex: 29
ChildCount: 1
31
 1.000000 -0.000113 -0.000024 0.000000
0.000113 1.000000 0.000001 0.000000
0.000024 -0.000001 1.000000 -0.000000
0.000000 0.034000 0.000000 1.000000
-0.175300 0.963292 0.203321 0.000000
-0.000000 -0.206519 0.978443 0.000000
0.984515 0.171521 0.036203 -0.000000
0.017179 -0.343164 -1.226329 1.000000
BoneName: mixamorig:LeftHandPinky3
BoneIndex: 31
ParentIndex: 30
ChildCount: 1
32
 1.000000 -0.000025 -0.000005 0.000000
0.000025 1.000000 -0.000000 0.000000
0.000005 0.000000 1.000000 -0.000000
0.000000 0.017000 0.000000 1.000000
-0.175325 0.963287 0.203320 0.000000
-0.000000 -0.206519 0.978443 0.000000
0.984511 0.171546 0.036208 -0.000000
0.017194 -0.360163 -1.226329 1.000000
BoneName: mixamorig:LeftHandPinky4
BoneIndex: 32
ParentIndex: 31
ChildCount: 0
1.000000 0.000000 -0.000000 0.000000
0.000000 1.000000 -0.000000 0.000000
-0.000000 -0.000000 1.000000 -0.000000
0.000000 0.016595 -0.000000 1.000000
-0.175325 0.963287 0.203320 0.000000
-0.000000 -0.206519 0.978443 0.000000
0.984511 0.171546 0.036208 -0.000000
0.017194 -0.376759 -1.226329 1.000000
BoneName: mixamorig:RightShoulder
BoneIndex: 33
ParentIndex: 5
ChildCount: 1
34
 -0.002926 0.000000 -0.999996 0.000000
-0.958815 -0.284017 0.002806 0.000000
-0.284016 0.958819 0.000831 -0.000000
-0.036000 0.084361 0.020359 1.000000
-0.002926 -0.958815 -0.284016 0.000000
0.000000 -0.284017 0.958819 0.000000
-0.999996 0.002806 0.000831 -0.000000
0.040018 0.289919 -1.107756 1.000000
BoneName: mixamorig:RightArm
BoneIndex: 34
ParentIndex: 33
ChildCount: 1
35
 0.996745 0.077301 0.022898 0.000000
-0.080616 0.952559 0.293482 0.000000
0.000875 -0.294372 0.955690 -0.000000
-0.000000 0.078657 -0.000000 1.000000
-0.083537 -0.996446 0.010814 0.000000
-0.000000 0.010852 0.999941 0.000000
-0.996505 0.083532 -0.000907 -0.000000
0.030854 -0.127092 -1.120827 1.000000
BoneName: mixamorig:RightForeArm
BoneIndex: 35
ParentIndex: 34
ChildCount: 1
36
 0.996505 -0.083533 0.000907 0.000000
0.083538 0.996446 -0.010814 0.000000
-0.000000 0.010852 0.999941 -0.000000
0.000000 0.189820 -0.000000 1.000000
0.000001 -1.000000 0.000000 0.000000
0.000000 0.000000 1.000000 0.000000
-1.000000 -0.000001 0.000000 -0.000000
0.056202 -0.301087 -1.124200 1.000000
BoneName: mixamorig:RightHand
BoneIndex: 36
ParentIndex: 35
ChildCount: 5
37
 41
 45
 49
 53
 1.000000 0.000000 -0.000000 0.000000
0.000000 1.000000 -0.000000 0.000000
-0.000000 -0.000000 1.000000 -0.000000
-0.000000 0.184362 -0.000000 1.000000
0.000001 -1.000000 0.000000 0.000000
0.000000 0.000000 1.000000 0.000000
-1.000000 -0.000001 0.000000 -0.000000
0.056202 -0.485449 -1.124200 1.000000
BoneName: mixamorig:RightHandThumb1
BoneIndex: 37
ParentIndex: 36
ChildCount: 1
38
 0.860460 -0.509235 -0.016972 0.000000
0.448987 0.773564 -0.447225 0.000000
0.240871 0.377200 0.894260 -0.000000
0.014227 0.030862 -0.012840 1.000000
0.509235 -0.773563 -0.377199 0.000000
-0.016972 -0.447225 0.894260 0.000000
-0.860460 -0.448987 -0.240872 -0.000000
0.317903 0.116475 -1.178487 1.000000
BoneName: mixamorig:RightHandThumb2
BoneIndex: 38
ParentIndex: 37
ChildCount: 1
39
 0.999629 0.027237 0.000214 0.000000
-0.027237 0.999629 -0.000613 0.000000
-0.000231 0.000607 1.000000 -0.000000
0.000000 0.029292 -0.000000 1.000000
0.487896 -0.786915 -0.377786 0.000000
-0.028955 -0.447145 0.893993 0.000000
-0.872422 -0.425236 -0.240945 -0.000000
0.319907 0.079215 -1.178507 1.000000
BoneName: mixamorig:RightHandThumb3
BoneIndex: 39
ParentIndex: 38
ChildCount: 1
40
 0.999683 -0.025177 -0.000214 0.000000
0.025177 0.999683 0.000582 0.000000
0.000199 -0.000587 1.000000 -0.000000
0.000000 0.026524 -0.000000 1.000000
0.507634 -0.774601 -0.377227 0.000000
-0.017879 -0.447212 0.894249 0.000000
-0.861387 -0.447207 -0.240869 -0.000000
0.318731 0.060043 -1.178474 1.000000
BoneName: mixamorig:RightHandThumb4
BoneIndex: 40
ParentIndex: 39
ChildCount: 0
1.000000 0.000000 -0.000000 0.000000
0.000000 1.000000 -0.000000 0.000000
-0.000000 -0.000000 1.000000 -0.000000
0.000000 0.027056 -0.000000 1.000000
0.507634 -0.774601 -0.377227 0.000000
-0.017879 -0.447212 0.894249 0.000000
-0.861387 -0.447207 -0.240869 -0.000000
0.318731 0.032986 -1.178474 1.000000
BoneName: mixamorig:RightHandIndex1
BoneIndex: 41
ParentIndex: 36
ChildCount: 1
42
 0.998581 0.053252 -0.000000 0.000000
-0.052911 0.992182 -0.113027 0.000000
-0.006019 0.112867 0.993592 -0.000000
0.019108 0.074639 0.010130 1.000000
-0.053252 -0.992182 -0.112867 0.000000
0.000000 -0.113027 0.993592 0.000000
-0.998581 0.052911 0.006019 -0.000000
0.007216 -0.429462 -1.190500 1.000000
BoneName: mixamorig:RightHandIndex2
BoneIndex: 42
ParentIndex: 41
ChildCount: 1
43
 1.000000 -0.000004 -0.000000 0.000000
0.000004 1.000000 0.000531 0.000000
0.000000 -0.000531 1.000000 -0.000000
-0.000000 0.033001 -0.000000 1.000000
-0.053248 -0.992242 -0.112340 0.000000
0.000000 -0.112499 0.993652 0.000000
-0.998581 0.052910 0.005990 -0.000000
0.007218 -0.463095 -1.190254 1.000000
BoneName: mixamorig:RightHandIndex3
BoneIndex: 43
ParentIndex: 42
ChildCount: 1
44
 1.000000 -0.000009 -0.000001 0.000000
0.000009 1.000000 -0.000172 0.000000
0.000001 0.000172 1.000000 -0.000000
-0.000000 0.020000 -0.000000 1.000000
-0.053238 -0.992223 -0.112510 0.000000
0.000000 -0.112670 0.993632 0.000000
-0.998582 0.052899 0.005998 -0.000000
0.007224 -0.482891 -1.190337 1.000000
BoneName: mixamorig:RightHandIndex4
BoneIndex: 44
ParentIndex: 43
ChildCount: 0
1.000000 0.000000 -0.000000 0.000000
0.000000 1.000000 -0.000000 0.000000
-0.000000 -0.000000 1.000000 -0.000000
-0.000000 0.023343 -0.000000 1.000000
-0.053238 -0.992223 -0.112510 0.000000
0.000000 -0.112670 0.993632 0.000000
-0.998582 0.052899 0.005998 -0.000000
0.007224 -0.506233 -1.190337 1.000000
BoneName: mixamorig:RightHandMiddle1
BoneIndex: 45
ParentIndex: 36
ChildCount: 1
46
 0.991843 0.127465 -0.000000 0.000000
-0.125739 0.978416 -0.163989 0.000000
-0.020903 0.162651 0.986462 -0.000000
0.004518 0.075045 0.014060 1.000000
-0.127464 -0.978416 -0.162651 0.000000
0.000000 -0.163989 0.986462 0.000000
-0.991843 0.125739 0.020903 -0.000000
-0.020180 -0.368233 -1.215096 1.000000
BoneName: mixamorig:RightHandMiddle2
BoneIndex: 46
ParentIndex: 45
ChildCount: 1
47
 1.000000 -0.000459 -0.000076 0.000000
0.000459 1.000000 -0.000179 0.000000
0.000076 0.000179 1.000000 -0.000000
-0.000000 0.035999 -0.000000 1.000000
-0.127003 -0.978445 -0.162836 0.000000
0.000000 -0.164166 0.986433 0.000000
-0.991902 0.125280 0.020849 -0.000000
-0.019902 -0.404023 -1.215170 1.000000
BoneName: mixamorig:RightHandMiddle3
BoneIndex: 47
ParentIndex: 46
ChildCount: 1
48
 1.000000 0.000561 0.000093 0.000000
-0.000561 1.000000 -0.000254 0.000000
-0.000093 0.000254 1.000000 -0.000000
-0.000000 0.023000 -0.000000 1.000000
-0.127567 -0.978332 -0.163073 0.000000
0.000000 -0.164416 0.986391 0.000000
-0.991830 0.125831 0.020974 -0.000000
-0.020255 -0.426704 -1.215276 1.000000
BoneName: mixamorig:RightHandMiddle4
BoneIndex: 48
ParentIndex: 47
ChildCount: 0
1.000000 0.000000 -0.000000 0.000000
0.000000 1.000000 -0.000000 0.000000
-0.000000 -0.000000 1.000000 -0.000000
-0.000000 0.027521 -0.000000 1.000000
-0.127567 -0.978332 -0.163073 0.000000
0.000000 -0.164416 0.986391 0.000000
-0.991830 0.125831 0.020974 -0.000000
-0.020255 -0.454225 -1.215276 1.000000
BoneName: mixamorig:RightHandRing1
BoneIndex: 49
ParentIndex: 36
ChildCount: 1
50
 0.987162 0.159725 -0.000000 0.000000
-0.155715 0.962383 -0.222647 0.000000
-0.035562 0.219789 0.974899 -0.000000
-0.010829 0.071199 0.015180 1.000000
-0.159724 -0.962383 -0.219789 0.000000
0.000000 -0.222647 0.974899 0.000000
-0.987162 0.155715 0.035562 -0.000000
-0.022740 -0.292466 -1.235509 1.000000
BoneName: mixamorig:RightHandRing2
BoneIndex: 50
ParentIndex: 49
ChildCount: 1
51
 1.000000 0.000571 0.000130 0.000000
-0.000571 1.000000 0.000145 0.000000
-0.000130 -0.000145 1.000000 -0.000000
-0.000000 0.034000 -0.000000 1.000000
-0.160302 -0.962324 -0.219628 0.000000
0.000000 -0.222505 0.974931 0.000000
-0.987068 0.156284 0.035668 -0.000000
-0.023087 -0.326633 -1.235459 1.000000
BoneName: mixamorig:RightHandRing3
BoneIndex: 51
ParentIndex: 50
ChildCount: 1
52
 1.000000 -0.000570 -0.000130 0.000000
0.000570 1.000000 -0.000235 0.000000
0.000130 0.000235 1.000000 -0.000000
-0.000000 0.020000 -0.000000 1.000000
-0.159725 -0.962363 -0.219875 0.000000
0.000000 -0.222735 0.974879 0.000000
-0.987162 0.155713 0.035576 -0.000000
-0.022729 -0.346355 -1.235543 1.000000
BoneName: mixamorig:RightHandRing4
BoneIndex: 52
ParentIndex: 51
ChildCount: 0
1.000000 0.000000 -0.000000 0.000000
0.000000 1.000000 -0.000000 0.000000
-0.000000 -0.000000 1.000000 -0.000000
-0.000000 0.022807 -0.000000 1.000000
-0.159725 -0.962363 -0.219875 0.000000
0.000000 -0.222735 0.974879 0.000000
-0.987162 0.155713 0.035576 -0.000000
-0.022729 -0.369162 -1.235543 1.000000
BoneName: mixamorig:RightHandPinky1
BoneIndex: 53
ParentIndex: 36
ChildCount: 1
54
 0.970504 0.241084 -0.000000 0.000000
-0.235912 0.949685 -0.206021 0.000000
-0.049668 0.199945 0.978548 -0.000000
-0.024314 0.065764 0.011840 1.000000
-0.241084 -0.949685 -0.199945 0.000000
0.000000 -0.206021 0.978548 0.000000
-0.970504 0.235912 0.049668 -0.000000
-0.054748 -0.308425 -1.225880 1.000000
BoneName: mixamorig:RightHandPinky2
BoneIndex: 54
ParentIndex: 53
ChildCount: 1
55
 1.000000 0.000109 0.000023 0.000000
-0.000109 1.000000 -0.000001 0.000000
-0.000023 0.000001 1.000000 -0.000000
-0.000000 0.034000 -0.000000 1.000000
-0.241192 -0.949658 -0.199940 0.000000
0.000000 -0.206022 0.978547 0.000000
-0.970477 0.236018 0.049691 -0.000000
-0.054813 -0.342418 -1.225879 1.000000
BoneName: mixamorig:RightHandPinky3
BoneIndex: 55
ParentIndex: 54
ChildCount: 1
56
 1.000000 0.000035 0.000007 0.000000
-0.000035 1.000000 -0.000210 0.000000
-0.000007 0.000210 1.000000 -0.000000
-0.000000 0.017000 -0.000000 1.000000
-0.241227 -0.949608 -0.200137 0.000000
0.000000 -0.206228 0.978504 0.000000
-0.970469 0.236041 0.049748 -0.000000
-0.054835 -0.359158 -1.225954 1.000000
BoneName: mixamorig:RightHandPinky4
BoneIndex: 56
ParentIndex: 55
ChildCount: 0
1.000000 0.000000 -0.000000 0.000000
0.000000 1.000000 -0.000000 0.000000
-0.000000 -0.000000 1.000000 -0.000000
-0.000000 0.016596 -0.000000 1.000000
-0.241227 -0.949608 -0.200137 0.000000
0.000000 -0.206228 0.978504 0.000000
-0.970469 0.236041 0.049748 -0.000000
-0.054835 -0.375754 -1.225954 1.000000
BoneName: mixamorig:RightUpLeg
BoneIndex: 57
ParentIndex: 2
ChildCount: 1
58
 -1.000000 0.000002 -0.000000 0.000000
-0.000002 -0.999261 -0.038433 0.000000
-0.000000 -0.038433 0.999261 -0.000000
-0.066196 -0.039221 0.004472 1.000000
-1.000000 -0.000000 0.000000 0.000000
0.000000 -0.999261 -0.038433 0.000000
0.000000 -0.038433 0.999261 -0.000000
-0.066203 0.770791 0.030864 1.000000
BoneName: mixamorig:RightLeg
BoneIndex: 58
ParentIndex: 57
ChildCount: 1
59
 1.000000 0.000000 -0.000000 0.000000
0.000000 0.993024 0.117916 0.000000
-0.000000 -0.117916 0.993024 -0.000000
-0.000000 0.333812 0.000000 1.000000
-1.000000 0.000000 0.000000 0.000000
0.000000 -0.996822 0.079664 0.000000
0.000000 0.079664 0.996822 -0.000000
-0.066203 0.437570 -0.020879 1.000000
BoneName: mixamorig:RightFoot
BoneIndex: 59
ParentIndex: 58
ChildCount: 1
60
 0.999232 -0.016828 0.035394 0.000000
0.036047 0.749055 -0.661526 0.000000
-0.015380 0.662294 0.749086 -0.000000
0.000000 0.348929 -0.000000 1.000000
-0.999232 -0.036047 0.015380 0.000000
0.019594 -0.799374 -0.600514 0.000000
0.033941 -0.599751 0.799467 -0.000000
-0.068382 0.077822 0.044085 1.000000
BoneName: mixamorig:RightToeBase
BoneIndex: 60
ParentIndex: 59
ChildCount: 1
61
 0.999796 0.018610 0.007852 0.000000
-0.005065 0.607313 -0.794446 0.000000
-0.019554 0.794245 0.607283 -0.000000
-0.000000 0.115000 -0.000000 1.000000
-0.999578 -0.029050 0.000248 0.000000
-0.000002 -0.008494 -0.999964 0.000000
0.029051 -0.999542 0.008490 -0.000000
-0.068714 -0.057255 -0.001419 1.000000
BoneName: mixamorig:RightToe_End
BoneIndex: 61
ParentIndex: 60
ChildCount: 0
1.000000 0.000000 -0.000000 0.000000
0.000000 1.000000 -0.000000 0.000000
-0.000000 -0.000000 1.000000 -0.000000
0.000000 0.061088 0.000000 1.000000
-0.999578 -0.029050 0.000248 0.000000
-0.000002 -0.008494 -0.999964 0.000000
0.029051 -0.999542 0.008490 -0.000000
-0.068714 -0.118343 -0.001419 1.000000
BoneName: mixamorig:LeftUpLeg
BoneIndex: 62
ParentIndex: 2
ChildCount: 1
63
 -1.000000 0.000002 -0.000000 0.000000
-0.000002 -0.999261 -0.038433 0.000000
-0.000000 -0.038433 0.999261 -0.000000
0.066209 -0.039221 0.004472 1.000000
-1.000000 -0.000000 0.000000 0.000000
-0.000000 -0.999261 -0.038433 0.000000
0.000000 -0.038433 0.999261 -0.000000
0.066203 0.770792 0.030864 1.000000
BoneName: mixamorig:LeftLeg
BoneIndex: 63
ParentIndex: 62
ChildCount: 1
64
 1.000000 0.000000 -0.000000 0.000000
0.000000 0.993024 0.117916 0.000000
-0.000000 -0.117916 0.993024 -0.000000
-0.000000 0.333812 -0.000000 1.000000
-1.000000 0.000000 0.000000 0.000000
-0.000000 -0.996822 0.079664 0.000000
0.000000 0.079664 0.996822 -0.000000
0.066203 0.437570 -0.020879 1.000000
BoneName: mixamorig:LeftFoot
BoneIndex: 64
ParentIndex: 63
ChildCount: 1
65
 0.999232 0.016830 -0.035392 0.000000
-0.036048 0.749056 -0.661526 0.000000
0.015377 0.662293 0.749087 -0.000000
0.000000 0.348929 0.000000 1.000000
-0.999232 0.036047 -0.015377 0.000000
-0.019596 -0.799375 -0.600513 0.000000
-0.033939 -0.599750 0.799467 -0.000000
0.068383 0.077822 0.044085 1.000000
BoneName: mixamorig:LeftToeBase
BoneIndex: 65
ParentIndex: 64
ChildCount: 1
66
 0.999796 -0.018607 -0.007854 0.000000
0.005062 0.607313 -0.794447 0.000000
0.019552 0.794245 0.607283 -0.000000
0.000000 0.115000 -0.000000 1.000000
-0.999578 0.029050 -0.000245 0.000000
-0.000002 -0.008494 -0.999964 0.000000
-0.029051 -0.999542 0.008490 -0.000000
0.068714 -0.057255 -0.001419 1.000000
BoneName: mixamorig:LeftToe_End
BoneIndex: 66
ParentIndex: 65
ChildCount: 0
1.000000 0.000000 -0.000000 0.000000
0.000000 1.000000 -0.000000 0.000000
-0.000000 -0.000000 1.000000 -0.000000
0.000000 0.061089 -0.000000 1.000000
-0.999578 0.029050 -0.000245 0.000000
-0.000002 -0.008494 -0.999964 0.000000
-0.029051 -0.999542 0.008490 -0.000000
0.068714 -0.118344 -0.001419 1.000000
