BoneCount: 71
RootBone: 0
BoneName: RootNode
BoneIndex: 0
ParentIndex: -1
ChildCount: 2
1
 70
 1.000000 0.000000 -0.000000 0.000000
0.000000 1.000000 -0.000000 0.000000
-0.000000 -0.000000 1.000000 -0.000000
0.000000 0.000000 -0.000000 1.000000
1.000000 0.000000 0.000000 0.000000
0.000000 1.000000 0.000000 0.000000
0.000000 0.000000 1.000000 0.000000
0.000000 0.000000 0.000000 1.000000
BoneName: mixamorig:Hips
BoneIndex: 1
ParentIndex: 0
ChildCount: 3
2
 60
 65
 1.000000 0.000000 -0.000000 0.000000
0.000000 1.000000 -0.000000 0.000000
-0.000000 -0.000000 1.000000 -0.000000
0.000240 0.100343 -0.000216 1.000000
1.000000 -0.000002 0.000000 0.000000
0.000002 1.000000 0.000000 0.000000
-0.000000 0.000000 1.000000 -0.000000
-0.000240 -0.100343 0.000216 1.000000
BoneName: mixamorig:Spine
BoneIndex: 2
ParentIndex: 1
ChildCount: 1
3
 0.999898 0.014173 0.001828 0.000000
-0.014257 0.980677 0.195113 0.000000
0.000972 -0.195119 0.980779 -0.000000
-0.000098 0.007043 0.001401 1.000000
0.999898 -0.014258 0.000973 0.000000
0.014174 0.980677 -0.195119 0.000000
0.001828 0.195113 0.980779 -0.000000
-0.001666 -0.105540 0.019790 1.000000
BoneName: mixamorig:Spine1
BoneIndex: 3
ParentIndex: 2
ChildCount: 1
4
 1.000000 0.000000 -0.000000 0.000000
0.000000 1.000000 -0.000000 0.000000
-0.000000 -0.000000 1.000000 -0.000000
0.000000 0.008378 -0.000000 1.000000
0.999898 -0.014258 0.000973 0.000000
0.014174 0.980677 -0.195119 0.000000
0.001828 0.195113 0.980779 -0.000000
-0.001666 -0.113918 0.019790 1.000000
BoneName: mixamorig:Spine2
BoneIndex: 4
ParentIndex: 3
ChildCount: 4
5
 10
 34
 58
 0.999898 -0.014258 0.000973 0.000000
0.014174 0.980677 -0.195119 0.000000
0.001828 0.195113 0.980779 -0.000000
-0.000000 0.009575 -0.000000 1.000000
1.000000 0.000000 -0.000000 0.000000
-0.000000 1.000000 0.000000 0.000000
0.000000 -0.000000 1.000000 -0.000000
0.000114 -0.124992 -0.004689 1.000000
BoneName: mixamorig:Neck
BoneIndex: 5
ParentIndex: 4
ChildCount: 1
6
 1.000000 0.000000 -0.000000 0.000000
0.000000 1.000000 -0.000000 0.000000
-0.000000 -0.000000 1.000000 -0.000000
-0.000154 0.010564 0.002102 1.000000
1.000000 0.000000 -0.000000 0.000000
-0.000000 1.000000 0.000000 0.000000
0.000000 -0.000000 1.000000 -0.000000
0.000267 -0.135556 -0.006790 1.000000
BoneName: mixamorig:Head
BoneIndex: 6
ParentIndex: 5
ChildCount: 3
7
 8
 9
 1.000000 0.000000 -0.000000 0.000000
0.000000 1.000000 -0.000000 0.000000
-0.000000 -0.000000 1.000000 -0.000000
0.000000 0.003485 -0.000404 1.000000
1.000000 0.000000 -0.000000 0.000000
-0.000000 1.000000 0.000000 0.000000
0.000000 -0.000000 1.000000 -0.000000
0.000267 -0.139040 -0.006387 1.000000
BoneName: mixamorig:HeadTop_End
BoneIndex: 7
ParentIndex: 6
ChildCount: 0
1.000000 0.000000 -0.000000 0.000000
0.000000 1.000000 -0.000000 0.000000
-0.000000 -0.000000 1.000000 -0.000000
0.000000 0.023648 -0.002740 1.000000
1.000000 0.000000 -0.000000 0.000000
-0.000000 1.000000 0.000000 0.000000
0.000000 -0.000000 1.000000 -0.000000
0.000267 -0.162689 -0.003647 1.000000
BoneName: mixamorig:LeftEye
BoneIndex: 8
ParentIndex: 6
ChildCount: 0
1.000000 0.000000 -0.000000 0.000000
0.000000 1.000000 -0.000000 0.000000
-0.000000 -0.000000 1.000000 -0.000000
0.002944 0.008050 -0.009171 1.000000
1.000000 0.000000 -0.000000 0.000000
-0.000000 1.000000 0.000000 0.000000
0.000000 -0.000000 1.000000 -0.000000
-0.002676 -0.147090 0.002784 1.000000
BoneName: mixamorig:RightEye
BoneIndex: 9
ParentIndex: 6
ChildCount: 0
1.000000 0.000000 -0.000000 0.000000
0.000000 1.000000 -0.000000 0.000000
-0.000000 -0.000000 1.000000 -0.000000
-0.002283 0.008050 -0.009171 1.000000
1.000000 0.000000 -0.000000 0.000000
-0.000000 1.000000 0.000000 0.000000
0.000000 -0.000000 1.000000 -0.000000
0.002550 -0.147090 0.002784 1.000000
BoneName: mixamorig:LeftShoulder
BoneIndex: 10
ParentIndex: 4
ChildCount: 1
11
 0.006504 -0.001944 0.999977 0.000000
0.958109 -0.286324 -0.006788 0.000000
0.286331 0.958131 -0.000000 -0.000000
0.004986 0.008214 0.002063 1.000000
0.006504 0.958109 0.286331 0.000000
-0.001944 -0.286324 0.958131 0.000000
0.999977 -0.006788 0.000000 -0.000000
-0.006525 0.033518 -0.129023 1.000000
BoneName: mixamorig:LeftArm
BoneIndex: 11
ParentIndex: 10
ChildCount: 1
12
 0.999977 -0.006787 0.000000 0.000000
0.006503 0.958109 0.286331 0.000000
-0.001944 -0.286325 0.958131 -0.000000
-0.000000 0.011302 -0.000000 1.000000
0.000001 1.000000 -0.000001 0.000000
0.000000 0.000001 1.000000 0.000000
1.000000 -0.000001 0.000000 -0.000000
-0.006675 -0.015701 -0.129970 1.000000
BoneName: mixamorig:LeftForeArm
BoneIndex: 12
ParentIndex: 11
ChildCount: 1
13
 1.000000 0.000000 -0.000000 0.000000
0.000000 1.000000 -0.000000 0.000000
-0.000000 -0.000000 1.000000 -0.000000
0.000000 0.018783 0.000000 1.000000
0.000001 1.000000 0.000000 0.000000
0.000000 -0.000000 1.000000 0.000000
1.000000 -0.000001 -0.000000 -0.000000
-0.006675 -0.034483 -0.129970 1.000000
BoneName: mixamorig:LeftHand
BoneIndex: 13
ParentIndex: 12
ChildCount: 5
14
 18
 22
 26
 30
 1.000000 0.000000 -0.000000 0.000000
0.000000 1.000000 -0.000000 0.000000
-0.000000 -0.000000 1.000000 -0.000000
-0.000000 0.026277 0.000000 1.000000
0.000001 1.000000 0.000000 0.000000
0.000000 -0.000000 1.000000 0.000000
1.000000 -0.000001 -0.000000 -0.000000
-0.006675 -0.060761 -0.129970 1.000000
BoneName: mixamorig:LeftHandThumb1
BoneIndex: 14
ParentIndex: 13
ChildCount: 1
15
 0.859966 0.509819 0.023325 0.000000
-0.447059 0.774573 -0.447409 0.000000
-0.246164 0.374329 0.894025 -0.000000
-0.000957 0.002436 -0.000655 1.000000
0.509820 0.774572 0.374329 0.000000
0.023325 -0.447409 0.894025 0.000000
0.859965 -0.447060 -0.246165 -0.000000
-0.040153 0.011462 -0.137859 1.000000
BoneName: mixamorig:LeftHandThumb2
BoneIndex: 15
ParentIndex: 14
ChildCount: 1
16
 1.000000 0.000052 0.000000 0.000000
-0.000052 1.000000 0.000106 0.000000
-0.000000 -0.000106 1.000000 -0.000000
-0.000000 0.002159 -0.000000 1.000000
0.509860 0.774585 0.374246 0.000000
0.023302 -0.447316 0.894073 0.000000
0.859942 -0.447131 -0.246118 -0.000000
-0.040152 0.009291 -0.137860 1.000000
BoneName: mixamorig:LeftHandThumb3
BoneIndex: 16
ParentIndex: 15
ChildCount: 1
17
 1.000000 0.000283 0.000002 0.000000
-0.000283 1.000000 0.000039 0.000000
-0.000002 -0.000039 1.000000 -0.000000
-0.000000 0.002588 0.000000 1.000000
0.510080 0.774456 0.374215 0.000000
0.023177 -0.447287 0.894090 0.000000
0.859815 -0.447384 -0.246102 -0.000000
-0.040151 0.006709 -0.137860 1.000000
BoneName: mixamorig:LeftHandThumb4
BoneIndex: 17
ParentIndex: 16
ChildCount: 0
1.000000 0.000000 -0.000000 0.000000
0.000000 1.000000 -0.000000 0.000000
-0.000000 -0.000000 1.000000 -0.000000
-0.000000 0.002173 0.000000 1.000000
0.510080 0.774456 0.374215 0.000000
0.023177 -0.447287 0.894090 0.000000
0.859815 -0.447384 -0.246102 -0.000000
-0.040151 0.004536 -0.137860 1.000000
BoneName: mixamorig:LeftHandIndex1
BoneIndex: 18
ParentIndex: 13
ChildCount: 1
19
 1.000000 0.000188 -0.000000 0.000000
-0.000188 1.000000 -0.000034 0.000000
0.000000 0.000034 1.000000 -0.000000
-0.001025 0.007966 -0.000413 1.000000
0.000189 1.000000 0.000034 0.000000
-0.000000 -0.000034 1.000000 0.000000
1.000000 -0.000189 -0.000000 -0.000000
-0.005663 -0.068721 -0.129559 1.000000
BoneName: mixamorig:LeftHandIndex2
BoneIndex: 19
ParentIndex: 18
ChildCount: 1
20
 1.000000 -0.000510 -0.000000 0.000000
0.000510 1.000000 0.000092 0.000000
-0.000000 -0.000092 1.000000 -0.000000
-0.000000 0.001757 -0.000000 1.000000
-0.000321 1.000000 -0.000057 0.000000
0.000000 0.000057 1.000000 0.000000
1.000000 0.000321 -0.000000 -0.000000
-0.005627 -0.070493 -0.129553 1.000000
BoneName: mixamorig:LeftHandIndex3
BoneIndex: 20
ParentIndex: 19
ChildCount: 1
21
 1.000000 0.000396 -0.000000 0.000000
-0.000396 1.000000 -0.000072 0.000000
-0.000000 0.000072 1.000000 -0.000000
0.000000 0.001509 0.000000 1.000000
0.000075 1.000000 0.000015 0.000000
0.000000 -0.000015 1.000000 0.000000
1.000000 -0.000075 -0.000000 -0.000000
-0.005656 -0.071990 -0.129558 1.000000
BoneName: mixamorig:LeftHandIndex4
BoneIndex: 21
ParentIndex: 20
ChildCount: 0
1.000000 0.000000 -0.000000 0.000000
0.000000 1.000000 -0.000000 0.000000
-0.000000 -0.000000 1.000000 -0.000000
-0.000000 0.002024 -0.000000 1.000000
0.000075 1.000000 0.000015 0.000000
0.000000 -0.000015 1.000000 0.000000
1.000000 -0.000075 -0.000000 -0.000000
-0.005656 -0.074014 -0.129558 1.000000
BoneName: mixamorig:LeftHandMiddle1
BoneIndex: 22
ParentIndex: 13
ChildCount: 1
23
 1.000000 -0.000060 -0.000000 0.000000
0.000060 1.000000 0.000011 0.000000
-0.000000 -0.000011 1.000000 -0.000000
-0.000000 0.008050 -0.000000 1.000000
-0.000059 1.000000 -0.000011 0.000000
0.000000 0.000011 1.000000 0.000000
1.000000 0.000059 -0.000000 -0.000000
-0.006671 -0.068812 -0.129968 1.000000
BoneName: mixamorig:LeftHandMiddle2
BoneIndex: 23
ParentIndex: 22
ChildCount: 1
24
 1.000000 -0.000129 -0.000000 0.000000
0.000129 1.000000 0.000023 0.000000
-0.000000 -0.000023 1.000000 -0.000000
-0.000000 0.002045 -0.000000 1.000000
-0.000188 1.000000 -0.000033 0.000000
-0.000000 0.000033 1.000000 0.000000
1.000000 0.000188 -0.000000 -0.000000
-0.006662 -0.070862 -0.129967 1.000000
BoneName: mixamorig:LeftHandMiddle3
BoneIndex: 24
ParentIndex: 23
ChildCount: 1
25
 1.000000 0.000372 -0.000000 0.000000
-0.000372 1.000000 -0.000066 0.000000
-0.000000 0.000066 1.000000 -0.000000
0.000000 0.001775 0.000000 1.000000
0.000184 1.000000 0.000032 0.000000
0.000000 -0.000032 1.000000 0.000000
1.000000 -0.000184 -0.000000 -0.000000
-0.006689 -0.072626 -0.129971 1.000000
BoneName: mixamorig:LeftHandMiddle4
BoneIndex: 25
ParentIndex: 24
ChildCount: 0
1.000000 0.000000 -0.000000 0.000000
0.000000 1.000000 -0.000000 0.000000
-0.000000 -0.000000 1.000000 -0.000000
-0.000000 0.002494 -0.000000 1.000000
0.000184 1.000000 0.000032 0.000000
0.000000 -0.000032 1.000000 0.000000
1.000000 -0.000184 -0.000000 -0.000000
-0.006689 -0.075119 -0.129971 1.000000
BoneName: mixamorig:LeftHandRing1
BoneIndex: 26
ParentIndex: 13
ChildCount: 1
27
 1.000000 -0.000122 -0.000000 0.000000
0.000122 1.000000 0.000019 0.000000
-0.000000 -0.000019 1.000000 -0.000000
0.001674 0.007588 -0.000162 1.000000
-0.000121 1.000000 -0.000019 0.000000
0.000000 0.000019 1.000000 0.000000
1.000000 0.000121 -0.000000 -0.000000
-0.008341 -0.068353 -0.129806 1.000000
BoneName: mixamorig:LeftHandRing2
BoneIndex: 27
ParentIndex: 26
ChildCount: 1
28
 1.000000 0.000183 -0.000000 0.000000
-0.000183 1.000000 -0.000060 0.000000
-0.000000 0.000060 1.000000 -0.000000
-0.000000 0.002020 -0.000000 1.000000
0.000062 1.000000 0.000042 0.000000
0.000000 -0.000042 1.000000 0.000000
1.000000 -0.000062 -0.000000 -0.000000
-0.008354 -0.070364 -0.129810 1.000000
BoneName: mixamorig:LeftHandRing3
BoneIndex: 28
ParentIndex: 27
ChildCount: 1
29
 1.000000 0.000134 -0.000000 0.000000
-0.000134 1.000000 -0.000136 0.000000
-0.000000 0.000136 1.000000 -0.000000
-0.000000 0.001610 -0.000000 1.000000
0.000196 1.000000 0.000177 0.000000
-0.000000 -0.000177 1.000000 0.000000
1.000000 -0.000196 -0.000000 -0.000000
-0.008363 -0.071955 -0.129820 1.000000
BoneName: mixamorig:LeftHandRing4
BoneIndex: 29
ParentIndex: 28
ChildCount: 0
1.000000 0.000000 -0.000000 0.000000
0.000000 1.000000 -0.000000 0.000000
-0.000000 -0.000000 1.000000 -0.000000
-0.000000 0.002333 -0.000000 1.000000
0.000196 1.000000 0.000177 0.000000
-0.000000 -0.000177 1.000000 0.000000
1.000000 -0.000196 -0.000000 -0.000000
-0.008363 -0.074287 -0.129820 1.000000
BoneName: mixamorig:LeftHandPinky1
BoneIndex: 30
ParentIndex: 13
ChildCount: 1
31
 1.000000 -0.000082 -0.000000 0.000000
0.000082 1.000000 0.000013 0.000000
-0.000000 -0.000013 1.000000 -0.000000
0.002961 0.006989 -0.000288 1.000000
-0.000081 1.000000 -0.000012 0.000000
0.000000 0.000012 1.000000 0.000000
1.000000 0.000081 -0.000000 -0.000000
-0.009631 -0.067753 -0.129680 1.000000
BoneName: mixamorig:LeftHandPinky2
BoneIndex: 31
ParentIndex: 30
ChildCount: 1
32
 1.000000 -0.000051 -0.000000 0.000000
0.000051 1.000000 0.000298 0.000000
-0.000000 -0.000298 1.000000 -0.000000
-0.000000 0.001624 -0.000000 1.000000
-0.000133 1.000000 -0.000311 0.000000
-0.000000 0.000311 1.000000 0.000000
1.000000 0.000133 -0.000000 -0.000000
-0.009627 -0.069415 -0.129660 1.000000
BoneName: mixamorig:LeftHandPinky3
BoneIndex: 32
ParentIndex: 31
ChildCount: 1
33
 1.000000 0.000167 -0.000000 0.000000
-0.000167 1.000000 -0.000315 0.000000
-0.000000 0.000315 1.000000 -0.000000
0.000000 0.001321 0.000000 1.000000
0.000035 1.000000 0.000005 0.000000
-0.000000 -0.000005 1.000000 0.000000
1.000000 -0.000035 -0.000000 -0.000000
-0.009639 -0.070694 -0.129682 1.000000
BoneName: mixamorig:LeftHandPinky4
BoneIndex: 33
ParentIndex: 32
ChildCount: 0
1.000000 0.000000 -0.000000 0.000000
0.000000 1.000000 -0.000000 0.000000
-0.000000 -0.000000 1.000000 -0.000000
-0.000000 0.001905 -0.000000 1.000000
0.000035 1.000000 0.000005 0.000000
-0.000000 -0.000005 1.000000 0.000000
1.000000 -0.000035 -0.000000 -0.000000
-0.009639 -0.072599 -0.129682 1.000000
BoneName: mixamorig:RightShoulder
BoneIndex: 34
ParentIndex: 4
ChildCount: 1
35
 -0.006682 -0.002063 -0.999976 0.000000
-0.955487 -0.294949 0.006993 0.000000
-0.294956 0.955511 -0.000000 -0.000000
-0.005110 0.008214 0.002140 1.000000
-0.006682 -0.955487 -0.294956 0.000000
-0.002063 -0.294949 0.955511 0.000000
-0.999976 0.006993 0.000000 -0.000000
0.007068 0.034250 -0.128820 1.000000
BoneName: mixamorig:RightArm
BoneIndex: 35
ParentIndex: 34
ChildCount: 1
36
 0.999976 -0.006994 -0.000000 0.000000
0.006683 0.955488 0.294955 0.000000
-0.002063 -0.294948 0.955511 -0.000000
0.000000 0.010970 0.000000 1.000000
0.000001 -1.000000 -0.000001 0.000000
0.000000 -0.000001 1.000000 0.000000
-1.000000 -0.000001 -0.000000 -0.000000
0.006905 -0.015705 -0.129970 1.000000
BoneName: mixamorig:RightForeArm
BoneIndex: 36
ParentIndex: 35
ChildCount: 1
37
 1.000000 0.000000 -0.000000 0.000000
0.000000 1.000000 -0.000000 0.000000
-0.000000 -0.000000 1.000000 -0.000000
-0.000000 0.018747 0.000000 1.000000
0.000001 -1.000000 -0.000001 0.000000
0.000000 -0.000001 1.000000 0.000000
-1.000000 -0.000001 -0.000000 -0.000000
0.006905 -0.034452 -0.129970 1.000000
BoneName: mixamorig:RightHand
BoneIndex: 37
ParentIndex: 36
ChildCount: 5
38
 42
 46
 50
 54
 1.000000 0.000000 -0.000000 0.000000
0.000000 1.000000 -0.000000 0.000000
-0.000000 -0.000000 1.000000 -0.000000
0.000000 0.026026 -0.000000 1.000000
0.000001 -1.000000 -0.000001 0.000000
0.000000 -0.000001 1.000000 0.000000
-1.000000 -0.000001 -0.000000 -0.000000
0.006905 -0.060478 -0.129970 1.000000
BoneName: mixamorig:RightHandThumb1
BoneIndex: 38
ParentIndex: 37
ChildCount: 1
39
 0.861360 -0.507682 -0.017852 0.000000
0.447261 0.774572 -0.447209 0.000000
0.240868 0.377223 0.894251 -0.000000
0.001136 0.002895 -0.000666 1.000000
0.507683 -0.774571 -0.377224 0.000000
-0.017851 -0.447210 0.894251 0.000000
-0.861359 -0.447261 -0.240868 -0.000000
0.039452 0.011319 -0.138147 1.000000
BoneName: mixamorig:RightHandThumb2
BoneIndex: 39
ParentIndex: 38
ChildCount: 1
40
 1.000000 -0.000072 -0.000001 0.000000
0.000072 1.000000 0.000202 0.000000
0.000001 -0.000202 1.000000 -0.000000
-0.000000 0.002545 0.000000 1.000000
0.507738 -0.774611 -0.377068 0.000000
-0.017820 -0.447031 0.894341 0.000000
-0.861327 -0.447372 -0.240778 -0.000000
0.039451 0.008750 -0.138148 1.000000
BoneName: mixamorig:RightHandThumb3
BoneIndex: 40
ParentIndex: 39
ChildCount: 1
41
 1.000000 -0.000043 -0.000000 0.000000
0.000043 1.000000 -0.000307 0.000000
0.000000 0.000307 1.000000 -0.000000
0.000000 0.002264 0.000000 1.000000
0.507771 -0.774473 -0.377305 0.000000
-0.017801 -0.447306 0.894204 0.000000
-0.861308 -0.447335 -0.240916 -0.000000
0.039451 0.006529 -0.138146 1.000000
BoneName: mixamorig:RightHandThumb4
BoneIndex: 41
ParentIndex: 40
ChildCount: 0
1.000000 0.000000 -0.000000 0.000000
0.000000 1.000000 -0.000000 0.000000
-0.000000 -0.000000 1.000000 -0.000000
0.000000 0.001673 -0.000000 1.000000
0.507771 -0.774473 -0.377305 0.000000
-0.017801 -0.447306 0.894204 0.000000
-0.861308 -0.447335 -0.240916 -0.000000
0.039451 0.004857 -0.138146 1.000000
BoneName: mixamorig:RightHandIndex1
BoneIndex: 42
ParentIndex: 37
ChildCount: 1
43
 1.000000 -0.000246 0.000000 0.000000
0.000246 1.000000 -0.000053 0.000000
-0.000000 0.000053 1.000000 -0.000000
0.001420 0.008061 -0.000334 1.000000
0.000247 -1.000000 -0.000055 0.000000
0.000000 -0.000055 1.000000 0.000000
-1.000000 -0.000247 -0.000000 -0.000000
0.005502 -0.068531 -0.129639 1.000000
BoneName: mixamorig:RightHandIndex2
BoneIndex: 43
ParentIndex: 42
ChildCount: 1
44
 1.000000 0.000461 0.000000 0.000000
-0.000461 1.000000 -0.000200 0.000000
-0.000000 0.000200 1.000000 -0.000000
0.000000 0.001788 -0.000000 1.000000
-0.000214 -1.000000 -0.000254 0.000000
-0.000000 -0.000254 1.000000 0.000000
-1.000000 0.000214 0.000000 -0.000000
0.005470 -0.070296 -0.129653 1.000000
BoneName: mixamorig:RightHandIndex3
BoneIndex: 44
ParentIndex: 43
ChildCount: 1
45
 1.000000 -0.000364 -0.000000 0.000000
0.000364 1.000000 0.000221 0.000000
0.000000 -0.000221 1.000000 -0.000000
-0.000000 0.001424 -0.000000 1.000000
0.000149 -1.000000 -0.000034 0.000000
-0.000000 -0.000034 1.000000 0.000000
-1.000000 -0.000149 -0.000000 -0.000000
0.005496 -0.071746 -0.129638 1.000000
BoneName: mixamorig:RightHandIndex4
BoneIndex: 45
ParentIndex: 44
ChildCount: 0
1.000000 0.000000 -0.000000 0.000000
0.000000 1.000000 -0.000000 0.000000
-0.000000 -0.000000 1.000000 -0.000000
-0.000000 0.001955 0.000000 1.000000
0.000149 -1.000000 -0.000034 0.000000
-0.000000 -0.000034 1.000000 0.000000
-1.000000 -0.000149 -0.000000 -0.000000
0.005496 -0.073701 -0.129638 1.000000
BoneName: mixamorig:RightHandMiddle1
BoneIndex: 46
ParentIndex: 37
ChildCount: 1
47
 1.000000 0.000046 -0.000000 0.000000
-0.000046 1.000000 0.000007 0.000000
0.000000 -0.000007 1.000000 -0.000000
0.000000 0.008051 0.000001 1.000000
-0.000045 -1.000000 0.000006 0.000000
-0.000000 0.000006 1.000000 0.000000
-1.000000 0.000045 -0.000000 -0.000000
0.006902 -0.068530 -0.129970 1.000000
BoneName: mixamorig:RightHandMiddle2
BoneIndex: 47
ParentIndex: 46
ChildCount: 1
48
 1.000000 -0.000169 -0.000000 0.000000
0.000169 1.000000 0.000140 0.000000
-0.000000 -0.000140 1.000000 -0.000000
0.000000 0.001949 -0.000000 1.000000
0.000124 -1.000000 0.000146 0.000000
-0.000000 0.000146 1.000000 0.000000
-1.000000 -0.000124 0.000000 -0.000000
0.006914 -0.070496 -0.129960 1.000000
BoneName: mixamorig:RightHandMiddle3
BoneIndex: 48
ParentIndex: 47
ChildCount: 1
49
 1.000000 -0.000019 -0.000000 0.000000
0.000019 1.000000 -0.000344 0.000000
0.000000 0.000344 1.000000 -0.000000
0.000000 0.001756 0.000000 1.000000
0.000144 -1.000000 -0.000199 0.000000
-0.000000 -0.000199 1.000000 0.000000
-1.000000 -0.000144 -0.000000 -0.000000
0.006915 -0.072207 -0.129985 1.000000
BoneName: mixamorig:RightHandMiddle4
BoneIndex: 49
ParentIndex: 48
ChildCount: 0
1.000000 0.000000 -0.000000 0.000000
0.000000 1.000000 -0.000000 0.000000
-0.000000 -0.000000 1.000000 -0.000000
0.000000 0.002414 0.000000 1.000000
0.000144 -1.000000 -0.000199 0.000000
-0.000000 -0.000199 1.000000 0.000000
-1.000000 -0.000144 -0.000000 -0.000000
0.006915 -0.074621 -0.129985 1.000000
BoneName: mixamorig:RightHandRing1
BoneIndex: 50
ParentIndex: 37
ChildCount: 1
51
 1.000000 0.000245 0.000000 0.000000
-0.000245 1.000000 0.000035 0.000000
0.000000 -0.000035 1.000000 -0.000000
-0.001665 0.008376 -0.000115 1.000000
-0.000245 -1.000000 0.000034 0.000000
-0.000000 0.000034 1.000000 0.000000
-1.000000 0.000245 -0.000000 -0.000000
0.008554 -0.068860 -0.129853 1.000000
BoneName: mixamorig:RightHandRing2
BoneIndex: 51
ParentIndex: 50
ChildCount: 1
52
 1.000000 -0.000178 -0.000000 0.000000
0.000178 1.000000 -0.000099 0.000000
0.000000 0.000099 1.000000 -0.000000
0.000000 0.001794 -0.000000 1.000000
-0.000067 -1.000000 -0.000065 0.000000
-0.000000 -0.000065 1.000000 0.000000
-1.000000 0.000067 -0.000000 -0.000000
0.008566 -0.070640 -0.129860 1.000000
BoneName: mixamorig:RightHandRing3
BoneIndex: 52
ParentIndex: 51
ChildCount: 1
53
 1.000000 -0.000125 -0.000000 0.000000
0.000125 1.000000 0.000055 0.000000
-0.000000 -0.000055 1.000000 -0.000000
0.000000 0.001459 -0.000000 1.000000
0.000058 -1.000000 -0.000009 0.000000
0.000000 -0.000009 1.000000 0.000000
-1.000000 -0.000058 0.000000 -0.000000
0.008575 -0.072105 -0.129856 1.000000
BoneName: mixamorig:RightHandRing4
BoneIndex: 53
ParentIndex: 52
ChildCount: 0
1.000000 0.000000 -0.000000 0.000000
0.000000 1.000000 -0.000000 0.000000
-0.000000 -0.000000 1.000000 -0.000000
0.000000 0.001984 0.000000 1.000000
0.000058 -1.000000 -0.000009 0.000000
0.000000 -0.000009 1.000000 0.000000
-1.000000 -0.000058 0.000000 -0.000000
0.008575 -0.074089 -0.129856 1.000000
BoneName: mixamorig:RightHandPinky1
BoneIndex: 54
ParentIndex: 37
ChildCount: 1
55
 1.000000 0.000243 0.000000 0.000000
-0.000243 1.000000 0.000037 0.000000
0.000000 -0.000037 1.000000 -0.000000
-0.002932 0.007624 -0.000289 1.000000
-0.000242 -1.000000 0.000036 0.000000
-0.000000 0.000036 1.000000 0.000000
-1.000000 0.000242 -0.000000 -0.000000
0.009821 -0.068109 -0.129679 1.000000
BoneName: mixamorig:RightHandPinky2
BoneIndex: 55
ParentIndex: 54
ChildCount: 1
56
 1.000000 -0.000631 0.000000 0.000000
0.000631 1.000000 -0.000100 0.000000
0.000000 0.000100 1.000000 -0.000000
-0.000000 0.001428 0.000000 1.000000
0.000389 -1.000000 -0.000065 0.000000
0.000000 -0.000065 1.000000 0.000000
-1.000000 -0.000389 -0.000000 -0.000000
0.009865 -0.069517 -0.129686 1.000000
BoneName: mixamorig:RightHandPinky3
BoneIndex: 56
ParentIndex: 55
ChildCount: 1
57
 1.000000 0.000436 -0.000000 0.000000
-0.000436 1.000000 0.000069 0.000000
0.000000 -0.000069 1.000000 -0.000000
0.000000 0.001191 -0.000000 1.000000
-0.000047 -1.000000 0.000004 0.000000
-0.000000 0.000004 1.000000 0.000000
-1.000000 0.000047 -0.000000 -0.000000
0.009834 -0.070722 -0.129681 1.000000
BoneName: mixamorig:RightHandPinky4
BoneIndex: 57
ParentIndex: 56
ChildCount: 0
1.000000 0.000000 -0.000000 0.000000
0.000000 1.000000 -0.000000 0.000000
-0.000000 -0.000000 1.000000 -0.000000
-0.000000 0.001670 0.000000 1.000000
-0.000047 -1.000000 0.000004 0.000000
-0.000000 0.000004 1.000000 0.000000
-1.000000 0.000047 -0.000000 -0.000000
0.009834 -0.072391 -0.129681 1.000000
BoneName: mixamorig:Sleeve1
BoneIndex: 58
ParentIndex: 4
ChildCount: 1
59
 -0.030951 -0.004272 -0.999512 0.000000
0.136731 -0.990608 -0.000000 0.000000
-0.990125 -0.136664 0.031245 -0.000000
0.013265 -0.001119 0.002027 1.000000
-0.030951 0.136731 -0.990125 0.000000
-0.004272 -0.990608 -0.136664 0.000000
-0.999512 0.000000 0.031244 -0.000000
0.007649 0.120912 0.029741 1.000000
BoneName: mixamorig:Sleeve2
BoneIndex: 59
ParentIndex: 58
ChildCount: 0
1.000000 0.000000 -0.000000 0.000000
0.000000 1.000000 -0.000000 0.000000
-0.000000 -0.000000 1.000000 -0.000000
-0.000000 0.016424 -0.000000 1.000000
-0.030951 0.136731 -0.990125 0.000000
-0.004272 -0.990608 -0.136664 0.000000
-0.999512 0.000000 0.031244 -0.000000
0.007649 0.104487 0.029741 1.000000
BoneName: mixamorig:RightUpLeg
BoneIndex: 60
ParentIndex: 1
ChildCount: 1
61
 -1.000000 0.000002 -0.000000 0.000000
-0.000002 -0.999961 0.008876 0.000000
0.000000 0.008876 0.999961 -0.000000
-0.009675 -0.003919 0.000430 1.000000
-1.000000 -0.000000 0.000000 0.000000
0.000000 -0.999961 0.008876 0.000000
0.000000 0.008876 0.999961 -0.000000
-0.009435 0.096418 -0.001070 1.000000
BoneName: mixamorig:RightLeg
BoneIndex: 61
ParentIndex: 60
ChildCount: 1
62
 1.000000 0.000000 -0.000000 0.000000
0.000000 0.999259 0.038491 0.000000
-0.000000 -0.038491 0.999259 -0.000000
-0.000000 0.041560 0.000000 1.000000
-1.000000 0.000000 0.000000 0.000000
0.000000 -0.998878 0.047359 0.000000
0.000000 0.047359 0.998878 -0.000000
-0.009435 0.054776 -0.003181 1.000000
BoneName: mixamorig:RightFoot
BoneIndex: 62
ParentIndex: 61
ChildCount: 1
63
 0.992451 -0.056221 0.108998 0.000000
0.119050 0.655185 -0.746029 0.000000
-0.029471 0.753373 0.656932 -0.000000
0.000000 0.045930 0.000000 1.000000
-0.992451 -0.119050 0.029471 0.000000
0.061320 -0.689781 -0.721417 0.000000
0.106213 -0.714163 0.691874 -0.000000
-0.010208 0.007046 0.004853 1.000000
BoneName: mixamorig:RightToeBase
BoneIndex: 63
ParentIndex: 62
ChildCount: 1
64
 0.998007 0.053140 0.034023 0.000000
-0.015484 0.728978 -0.684362 0.000000
-0.061169 0.682471 0.728348 -0.000000
0.000000 0.012000 0.000000 1.000000
-0.995797 -0.091586 0.000924 0.000000
-0.000002 -0.010074 -0.999949 0.000000
0.091591 -0.995746 0.010032 -0.000000
-0.010286 -0.006775 0.000778 1.000000
BoneName: mixamorig:RightToe_End
BoneIndex: 64
ParentIndex: 63
ChildCount: 0
1.000000 0.000000 -0.000000 0.000000
0.000000 1.000000 -0.000000 0.000000
-0.000000 -0.000000 1.000000 -0.000000
0.000000 0.004400 0.000000 1.000000
-0.995797 -0.091586 0.000924 0.000000
-0.000002 -0.010074 -0.999949 0.000000
0.091591 -0.995746 0.010032 -0.000000
-0.010286 -0.011175 0.000778 1.000000
BoneName: mixamorig:LeftUpLeg
BoneIndex: 65
ParentIndex: 1
ChildCount: 1
66
 -1.000000 0.000002 -0.000000 0.000000
-0.000002 -0.999961 0.008876 0.000000
0.000000 0.008876 0.999961 -0.000000
0.009195 -0.003919 0.000430 1.000000
-1.000000 0.000000 0.000000 0.000000
0.000000 -0.999961 0.008876 0.000000
0.000000 0.008876 0.999961 -0.000000
0.009435 0.096418 -0.001070 1.000000
BoneName: mixamorig:LeftLeg
BoneIndex: 66
ParentIndex: 65
ChildCount: 1
67
 1.000000 0.000000 -0.000000 0.000000
0.000000 0.999259 0.038491 0.000000
-0.000000 -0.038491 0.999259 -0.000000
-0.000000 0.041560 0.000000 1.000000
-1.000000 0.000000 0.000000 0.000000
0.000000 -0.998878 0.047359 0.000000
0.000000 0.047359 0.998878 -0.000000
0.009435 0.054776 -0.003181 1.000000
BoneName: mixamorig:LeftFoot
BoneIndex: 67
ParentIndex: 66
ChildCount: 1
68
 0.992451 0.056223 -0.108995 0.000000
-0.119048 0.655186 -0.746029 0.000000
0.029468 0.753373 0.656933 -0.000000
0.000000 0.045930 0.000000 1.000000
-0.992451 0.119048 -0.029468 0.000000
-0.061322 -0.689781 -0.721416 0.000000
-0.106210 -0.714163 0.691874 -0.000000
0.010208 0.007046 0.004853 1.000000
BoneName: mixamorig:LeftToeBase
BoneIndex: 68
ParentIndex: 67
ChildCount: 1
69
 0.998007 -0.053137 -0.034024 0.000000
0.015482 0.728978 -0.684362 0.000000
0.061167 0.682472 0.728348 -0.000000
0.000000 0.012000 -0.000000 1.000000
-0.995797 0.091585 -0.000921 0.000000
-0.000002 -0.010074 -0.999949 0.000000
-0.091590 -0.995746 0.010032 -0.000000
0.010286 -0.006775 0.000778 1.000000
BoneName: mixamorig:LeftToe_End
BoneIndex: 69
ParentIndex: 68
ChildCount: 0
1.000000 0.000000 -0.000000 0.000000
0.000000 1.000000 -0.000000 0.000000
-0.000000 -0.000000 1.000000 -0.000000
0.000000 0.004400 0.000000 1.000000
-0.995797 0.091585 -0.000921 0.000000
-0.000002 -0.010074 -0.999949 0.000000
-0.091590 -0.995746 0.010032 -0.000000
0.010286 -0.011175 0.000778 1.000000
BoneName: Mdea_mesh
BoneIndex: 70
ParentIndex: 0
ChildCount: 0
1.000000 0.000000 -0.000000 0.000000
0.000000 1.000000 -0.000000 0.000000
-0.000000 -0.000000 1.000000 -0.000000
0.000000 0.000000 -0.000000 1.000000
1.000000 0.000000 0.000000 0.000000
0.000000 1.000000 0.000000 0.000000
0.000000 0.000000 1.000000 0.000000
0.000000 0.000000 0.000000 1.000000
