BoneCount: 77
RootBone: 0
BoneName: RootNode
BoneIndex: 0
ParentIndex: -1
ChildCount: 2
1
 76
 1.000000 0.000000 -0.000000 0.000000
0.000000 1.000000 -0.000000 0.000000
-0.000000 -0.000000 1.000000 -0.000000
0.000000 0.000000 -0.000000 1.000000
1.000000 0.000000 0.000000 0.000000
0.000000 1.000000 0.000000 0.000000
0.000000 0.000000 1.000000 0.000000
0.000000 0.000000 0.000000 1.000000
BoneName: mixamorig:Hips
BoneIndex: 1
ParentIndex: 0
ChildCount: 3
2
 66
 71
 1.000000 0.000000 -0.000000 0.000000
0.000000 1.000000 -0.000000 0.000000
-0.000000 -0.000000 1.000000 -0.000000
0.000729 1.140494 -0.010430 1.000000
1.000000 -0.000002 0.000000 0.000000
0.000002 1.000000 0.000000 0.000000
-0.000000 0.000000 1.000000 -0.000000
-0.000731 -1.140494 0.010430 1.000000
BoneName: mixamorig:Spine
BoneIndex: 2
ParentIndex: 1
ChildCount: 3
3
 58
 62
 1.000000 0.000044 0.000006 0.000000
-0.000044 0.999984 0.005655 0.000000
-0.000006 -0.005655 0.999984 -0.000000
-0.000005 0.109646 0.000620 1.000000
1.000000 -0.000045 -0.000006 0.000000
0.000045 0.999984 -0.005655 0.000000
0.000006 0.005655 0.999984 -0.000000
-0.000781 -1.250064 0.016880 1.000000
BoneName: mixamorig:Spine1
BoneIndex: 3
ParentIndex: 2
ChildCount: 1
4
 1.000000 -0.000045 -0.000006 0.000000
0.000045 0.998399 0.056556 0.000000
0.000003 -0.056556 0.998399 -0.000000
0.000006 0.126338 0.003575 1.000000
1.000000 -0.000000 -0.000000 0.000000
0.000000 0.998064 -0.062202 0.000000
0.000000 0.062202 0.998064 -0.000000
-0.000725 -1.373447 0.091127 1.000000
BoneName: mixamorig:Spine2
BoneIndex: 4
ParentIndex: 3
ChildCount: 3
5
 10
 34
 1.000000 0.000000 -0.000000 0.000000
0.000000 0.998064 -0.062202 0.000000
-0.000000 0.062202 0.998064 -0.000000
-0.000000 0.147024 -0.000000 1.000000
1.000000 -0.000000 -0.000000 0.000000
0.000000 1.000000 -0.000000 0.000000
0.000000 0.000000 1.000000 -0.000000
-0.000725 -1.523195 -0.003625 1.000000
BoneName: mixamorig:Neck
BoneIndex: 5
ParentIndex: 4
ChildCount: 1
6
 1.000000 0.000000 -0.000000 0.000000
0.000000 1.000000 -0.000000 0.000000
-0.000000 -0.000000 1.000000 -0.000000
-0.000279 0.162087 0.049877 1.000000
1.000000 -0.000000 -0.000000 0.000000
0.000000 1.000000 -0.000000 0.000000
0.000000 0.000000 1.000000 -0.000000
-0.000446 -1.685282 -0.053502 1.000000
BoneName: mixamorig:Head
BoneIndex: 6
ParentIndex: 5
ChildCount: 3
7
 8
 9
 1.000000 0.000000 -0.000000 0.000000
0.000000 1.000000 -0.000000 0.000000
-0.000000 -0.000000 1.000000 -0.000000
0.000000 0.074726 -0.018977 1.000000
1.000000 -0.000000 -0.000000 0.000000
0.000000 1.000000 -0.000000 0.000000
0.000000 0.000000 1.000000 -0.000000
-0.000446 -1.760008 -0.034526 1.000000
BoneName: mixamorig:HeadTop_End
BoneIndex: 7
ParentIndex: 6
ChildCount: 0
1.000000 0.000000 -0.000000 0.000000
0.000000 1.000000 -0.000000 0.000000
-0.000000 -0.000000 1.000000 -0.000000
0.000000 0.254969 -0.064750 1.000000
1.000000 -0.000000 -0.000000 0.000000
0.000000 1.000000 -0.000000 0.000000
0.000000 0.000000 1.000000 -0.000000
-0.000446 -2.014977 0.030224 1.000000
BoneName: mixamorig:Leye
BoneIndex: 8
ParentIndex: 6
ChildCount: 0
1.000000 0.000000 -0.000000 0.000000
0.000000 1.000000 -0.000000 0.000000
-0.000000 -0.000000 1.000000 -0.000000
0.039829 0.107476 -0.107011 1.000000
1.000000 -0.000000 -0.000000 0.000000
0.000000 1.000000 -0.000000 0.000000
0.000000 0.000000 1.000000 -0.000000
-0.040275 -1.867484 0.072485 1.000000
BoneName: mixamorig:Reye
BoneIndex: 9
ParentIndex: 6
ChildCount: 0
1.000000 0.000000 -0.000000 0.000000
0.000000 1.000000 -0.000000 0.000000
-0.000000 -0.000000 1.000000 -0.000000
-0.033395 0.106878 -0.106926 1.000000
1.000000 -0.000000 -0.000000 0.000000
0.000000 1.000000 -0.000000 0.000000
0.000000 0.000000 1.000000 -0.000000
0.032949 -1.866886 0.072400 1.000000
BoneName: mixamorig:LeftShoulder
BoneIndex: 10
ParentIndex: 4
ChildCount: 1
11
 -0.003569 0.000000 0.999994 0.000000
0.966147 -0.257970 0.003448 0.000000
0.257969 0.966153 0.000921 -0.000000
0.055313 0.136404 0.049963 1.000000
-0.003569 0.966147 0.257969 0.000000
-0.000000 -0.257970 0.966153 0.000000
0.999994 0.003448 0.000921 -0.000000
-0.053388 0.373802 -1.617931 1.000000
BoneName: mixamorig:LeftArm
BoneIndex: 11
ParentIndex: 10
ChildCount: 1
12
 0.999994 0.003448 0.000921 0.000000
-0.003569 0.966147 0.257966 0.000000
-0.000000 -0.257968 0.966154 -0.000000
0.000000 0.122475 0.000000 1.000000
0.000000 1.000000 0.000003 0.000000
0.000000 -0.000003 1.000000 0.000000
1.000000 -0.000000 -0.000000 -0.000000
-0.054010 -0.174362 -1.628005 1.000000
BoneName: mixamorig:LeftForeArm
BoneIndex: 12
ParentIndex: 11
ChildCount: 1
13
 0.999848 0.017452 -0.000000 0.000000
-0.017452 0.999848 -0.000000 0.000000
-0.000000 -0.000000 1.000000 -0.000000
0.000000 0.292405 0.000000 1.000000
0.017453 0.999848 0.000003 0.000000
-0.000000 -0.000003 1.000000 0.000000
0.999848 -0.017453 -0.000000 -0.000000
-0.062148 -0.465752 -1.628005 1.000000
BoneName: mixamorig:LeftHand
BoneIndex: 13
ParentIndex: 12
ChildCount: 5
14
 18
 22
 26
 30
 1.000000 0.000000 -0.000000 0.000000
0.000000 1.000000 -0.000000 0.000000
-0.000000 -0.000000 1.000000 -0.000000
-0.000000 0.296649 0.000000 1.000000
0.017453 0.999848 0.000003 0.000000
-0.000000 -0.000003 1.000000 0.000000
0.999848 -0.017453 -0.000000 -0.000000
-0.062148 -0.762402 -1.628005 1.000000
BoneName: mixamorig:LeftHandThumb1
BoneIndex: 14
ParentIndex: 13
ChildCount: 1
15
 0.859904 0.509925 0.023266 0.000000
-0.447236 0.774593 -0.447197 0.000000
-0.246059 0.374141 0.894133 -0.000000
-0.029523 0.061321 -0.040405 1.000000
0.524855 0.766669 0.369792 0.000000
0.023265 -0.447199 0.894132 0.000000
0.850873 -0.460687 -0.252551 -0.000000
-0.485030 0.086510 -1.719685 1.000000
BoneName: mixamorig:LeftHandThumb2
BoneIndex: 15
ParentIndex: 14
ChildCount: 1
16
 1.000000 -0.000008 -0.000000 0.000000
0.000008 1.000000 -0.000004 0.000000
0.000000 0.000004 1.000000 -0.000000
0.000000 0.023395 -0.000000 1.000000
0.524849 0.766671 0.369795 0.000000
0.023268 -0.447203 0.894130 0.000000
0.850877 -0.460679 -0.252553 -0.000000
-0.485030 0.063120 -1.719685 1.000000
BoneName: mixamorig:LeftHandThumb3
BoneIndex: 16
ParentIndex: 15
ChildCount: 1
17
 1.000000 -0.000021 -0.000000 0.000000
0.000021 1.000000 -0.000014 0.000000
0.000000 0.000014 1.000000 -0.000000
0.000000 0.015944 -0.000000 1.000000
0.524833 0.766677 0.369806 0.000000
0.023277 -0.447215 0.894124 0.000000
0.850887 -0.460658 -0.252560 -0.000000
-0.485031 0.047190 -1.719684 1.000000
BoneName: mixamorig:LeftHandThumb4
BoneIndex: 17
ParentIndex: 16
ChildCount: 0
1.000000 0.000000 -0.000000 0.000000
0.000000 1.000000 -0.000000 0.000000
-0.000000 -0.000000 1.000000 -0.000000
0.000000 0.027056 -0.000000 1.000000
0.524833 0.766677 0.369806 0.000000
0.023277 -0.447215 0.894124 0.000000
0.850887 -0.460658 -0.252560 -0.000000
-0.485031 0.020134 -1.719684 1.000000
BoneName: mixamorig:LeftHandIndex1
BoneIndex: 18
ParentIndex: 13
ChildCount: 1
19
 1.000000 -0.000015 -0.000000 0.000000
0.000015 1.000000 -0.000011 0.000000
0.000000 0.000011 1.000000 -0.000000
-0.028818 0.132426 -0.003075 1.000000
0.017438 0.999848 0.000014 0.000000
-0.000000 -0.000014 1.000000 0.000000
0.999848 -0.017438 -0.000000 -0.000000
-0.033317 -0.894811 -1.624939 1.000000
BoneName: mixamorig:LeftHandIndex2
BoneIndex: 19
ParentIndex: 18
ChildCount: 1
20
 1.000000 -0.000002 -0.000000 0.000000
0.000002 1.000000 0.000044 0.000000
-0.000000 -0.000044 1.000000 -0.000000
0.000000 0.021974 -0.000000 1.000000
0.017435 0.999848 -0.000030 0.000000
-0.000000 0.000030 1.000000 0.000000
0.999848 -0.017435 0.000001 -0.000000
-0.033314 -0.916857 -1.624898 1.000000
BoneName: mixamorig:LeftHandIndex3
BoneIndex: 20
ParentIndex: 19
ChildCount: 1
21
 1.000000 0.000040 -0.000000 0.000000
-0.000040 1.000000 -0.000002 0.000000
-0.000000 0.000002 1.000000 -0.000000
-0.000000 0.015095 -0.000000 1.000000
0.017475 0.999847 -0.000028 0.000000
-0.000000 0.000028 1.000000 0.000000
0.999847 -0.017475 0.000001 -0.000000
-0.033352 -0.931947 -1.624901 1.000000
BoneName: mixamorig:LeftHandIndex4
BoneIndex: 21
ParentIndex: 20
ChildCount: 0
1.000000 0.000000 -0.000000 0.000000
0.000000 1.000000 -0.000000 0.000000
-0.000000 -0.000000 1.000000 -0.000000
-0.000000 0.016331 0.000000 1.000000
0.017475 0.999847 -0.000028 0.000000
-0.000000 0.000028 1.000000 0.000000
0.999847 -0.017475 0.000001 -0.000000
-0.033352 -0.948278 -1.624901 1.000000
BoneName: mixamorig:LeftHandMiddle1
BoneIndex: 22
ParentIndex: 13
ChildCount: 1
23
 1.000000 0.000005 -0.000000 0.000000
-0.000005 1.000000 0.000030 0.000000
0.000000 -0.000030 1.000000 -0.000000
-0.000252 0.130978 0.000003 1.000000
0.017457 0.999848 -0.000027 0.000000
-0.000000 0.000027 1.000000 0.000000
0.999848 -0.017457 0.000001 -0.000000
-0.061901 -0.893428 -1.627982 1.000000
BoneName: mixamorig:LeftHandMiddle2
BoneIndex: 23
ParentIndex: 22
ChildCount: 1
24
 1.000000 0.000013 -0.000000 0.000000
-0.000013 1.000000 -0.000039 0.000000
-0.000000 0.000039 1.000000 -0.000000
-0.000000 0.022844 -0.000000 1.000000
0.017470 0.999847 0.000013 0.000000
-0.000000 -0.000013 1.000000 0.000000
0.999847 -0.017470 -0.000000 -0.000000
-0.061913 -0.916207 -1.628018 1.000000
BoneName: mixamorig:LeftHandMiddle3
BoneIndex: 24
ParentIndex: 23
ChildCount: 1
25
 1.000000 -0.000042 -0.000000 0.000000
0.000042 1.000000 0.000030 0.000000
-0.000000 -0.000030 1.000000 -0.000000
0.000000 0.023882 0.000000 1.000000
0.017428 0.999848 -0.000017 0.000000
-0.000000 0.000017 1.000000 0.000000
0.999848 -0.017428 0.000000 -0.000000
-0.061873 -0.940140 -1.627989 1.000000
BoneName: mixamorig:LeftHandMiddle4
BoneIndex: 25
ParentIndex: 24
ChildCount: 0
1.000000 0.000000 -0.000000 0.000000
0.000000 1.000000 -0.000000 0.000000
-0.000000 -0.000000 1.000000 -0.000000
0.000000 0.017509 0.000000 1.000000
0.017428 0.999848 -0.000017 0.000000
-0.000000 0.000017 1.000000 0.000000
0.999848 -0.017428 0.000000 -0.000000
-0.061873 -0.957649 -1.627989 1.000000
BoneName: mixamorig:LeftHandRing1
BoneIndex: 26
ParentIndex: 13
ChildCount: 1
27
 1.000000 -0.000085 -0.000000 0.000000
0.000085 1.000000 0.000002 0.000000
-0.000000 -0.000002 1.000000 -0.000000
0.027273 0.122164 -0.000574 1.000000
0.017368 0.999849 0.000001 0.000000
-0.000000 -0.000001 1.000000 0.000000
0.999849 -0.017368 0.000000 -0.000000
-0.089346 -0.884577 -1.627428 1.000000
BoneName: mixamorig:LeftHandRing2
BoneIndex: 27
ParentIndex: 26
ChildCount: 1
28
 1.000000 0.000202 -0.000000 0.000000
-0.000202 1.000000 -0.000023 0.000000
-0.000000 0.000023 1.000000 -0.000000
0.000000 0.021664 0.000000 1.000000
0.017571 0.999846 0.000024 0.000000
-0.000000 -0.000024 1.000000 0.000000
0.999846 -0.017571 -0.000000 -0.000000
-0.089530 -0.906185 -1.627449 1.000000
BoneName: mixamorig:LeftHandRing3
BoneIndex: 28
ParentIndex: 27
ChildCount: 1
29
 1.000000 -0.000114 -0.000000 0.000000
0.000114 1.000000 0.000003 0.000000
0.000000 -0.000003 1.000000 -0.000000
0.000000 0.018762 -0.000000 1.000000
0.017457 0.999848 0.000020 0.000000
-0.000000 -0.000020 1.000000 0.000000
0.999848 -0.017457 -0.000000 -0.000000
-0.089424 -0.924962 -1.627446 1.000000
BoneName: mixamorig:LeftHandRing4
BoneIndex: 29
ParentIndex: 28
ChildCount: 0
1.000000 0.000000 -0.000000 0.000000
0.000000 1.000000 -0.000000 0.000000
-0.000000 -0.000000 1.000000 -0.000000
0.000000 0.022400 0.000000 1.000000
0.017457 0.999848 0.000020 0.000000
-0.000000 -0.000020 1.000000 0.000000
0.999848 -0.017457 -0.000000 -0.000000
-0.089424 -0.947361 -1.627446 1.000000
BoneName: mixamorig:LeftHandPinky1
BoneIndex: 30
ParentIndex: 13
ChildCount: 1
31
 1.000000 -0.000012 -0.000000 0.000000
0.000012 1.000000 -0.000007 0.000000
0.000000 0.000007 1.000000 -0.000000
0.050102 0.109122 -0.002693 1.000000
0.017441 0.999848 0.000010 0.000000
-0.000000 -0.000010 1.000000 0.000000
0.999848 -0.017441 -0.000000 -0.000000
-0.112240 -0.871514 -1.625318 1.000000
BoneName: mixamorig:LeftHandPinky2
BoneIndex: 31
ParentIndex: 30
ChildCount: 1
32
 1.000000 0.000048 -0.000000 0.000000
-0.000048 1.000000 -0.000002 0.000000
-0.000000 0.000002 1.000000 -0.000000
0.000000 0.015635 -0.000000 1.000000
0.017489 0.999847 0.000012 0.000000
-0.000000 -0.000012 1.000000 0.000000
0.999847 -0.017489 -0.000000 -0.000000
-0.112282 -0.887139 -1.625320 1.000000
BoneName: mixamorig:LeftHandPinky3
BoneIndex: 32
ParentIndex: 31
ChildCount: 1
33
 1.000000 -0.000063 -0.000000 0.000000
0.000063 1.000000 0.000021 0.000000
-0.000000 -0.000021 1.000000 -0.000000
-0.000000 0.012784 0.000000 1.000000
0.017425 0.999848 -0.000009 0.000000
-0.000000 0.000009 1.000000 0.000000
0.999848 -0.017425 0.000000 -0.000000
-0.112225 -0.899965 -1.625301 1.000000
BoneName: mixamorig:LeftHandPinky4
BoneIndex: 33
ParentIndex: 32
ChildCount: 0
1.000000 0.000000 -0.000000 0.000000
0.000000 1.000000 -0.000000 0.000000
-0.000000 -0.000000 1.000000 -0.000000
0.000000 0.017362 0.000000 1.000000
0.017425 0.999848 -0.000009 0.000000
-0.000000 0.000009 1.000000 0.000000
0.999848 -0.017425 0.000000 -0.000000
-0.112225 -0.917327 -1.625301 1.000000
BoneName: mixamorig:RightShoulder
BoneIndex: 34
ParentIndex: 4
ChildCount: 1
35
 -0.003569 0.000000 -0.999994 0.000000
-0.966136 -0.258010 0.003448 0.000000
-0.258008 0.966142 0.000921 -0.000000
-0.055313 0.136405 0.049963 1.000000
-0.003569 -0.966136 -0.258008 0.000000
-0.000000 -0.258010 0.966142 0.000000
-0.999994 0.003448 0.000921 -0.000000
0.053393 0.375268 -1.617543 1.000000
BoneName: mixamorig:RightArm
BoneIndex: 35
ParentIndex: 34
ChildCount: 1
36
 0.999994 -0.003448 -0.000921 0.000000
0.003569 0.966136 0.258008 0.000000
0.000000 -0.258010 0.966142 -0.000000
-0.000000 0.122476 0.000000 1.000000
0.000000 -1.000000 -0.000000 0.000000
-0.000000 -0.000000 1.000000 0.000000
-1.000000 -0.000000 -0.000000 -0.000000
0.054010 -0.172917 -1.628000 1.000000
BoneName: mixamorig:RightForeArm
BoneIndex: 36
ParentIndex: 35
ChildCount: 1
37
 0.999848 -0.017452 -0.000000 0.000000
0.017452 0.999848 -0.000000 0.000000
-0.000000 -0.000000 1.000000 -0.000000
0.000000 0.292405 0.000000 1.000000
0.017453 -0.999848 -0.000000 0.000000
0.000000 -0.000000 1.000000 0.000000
-0.999848 -0.017453 -0.000000 -0.000000
0.062123 -0.464309 -1.628000 1.000000
BoneName: mixamorig:RightHand
BoneIndex: 37
ParentIndex: 36
ChildCount: 5
38
 42
 46
 50
 54
 1.000000 0.000000 -0.000000 0.000000
0.000000 1.000000 -0.000000 0.000000
-0.000000 -0.000000 1.000000 -0.000000
0.000000 0.296649 0.000000 1.000000
0.017453 -0.999848 -0.000000 0.000000
0.000000 -0.000000 1.000000 0.000000
-0.999848 -0.017453 -0.000000 -0.000000
0.062123 -0.760957 -1.628000 1.000000
BoneName: mixamorig:RightHandThumb1
BoneIndex: 38
ParentIndex: 37
ChildCount: 1
39
 0.861369 -0.507666 -0.017861 0.000000
0.447171 0.774470 -0.447475 0.000000
0.241000 0.377454 0.894118 -0.000000
0.029523 0.061321 -0.040400 1.000000
0.522622 -0.766548 -0.373191 0.000000
-0.017861 -0.447475 0.894118 0.000000
-0.852378 -0.460620 -0.247551 -0.000000
0.473879 0.088160 -1.722018 1.000000
BoneName: mixamorig:RightHandThumb2
BoneIndex: 39
ParentIndex: 38
ChildCount: 1
40
 1.000000 0.000021 0.000000 0.000000
-0.000021 1.000000 0.000311 0.000000
-0.000000 -0.000311 1.000000 -0.000000
-0.000000 0.023398 0.000000 1.000000
0.522606 -0.766674 -0.372953 0.000000
-0.017870 -0.447197 0.894257 0.000000
-0.852387 -0.460679 -0.247408 -0.000000
0.473880 0.064217 -1.722038 1.000000
BoneName: mixamorig:RightHandThumb3
BoneIndex: 40
ParentIndex: 39
ChildCount: 1
41
 1.000000 0.000021 0.000000 0.000000
-0.000021 1.000000 -0.000018 0.000000
-0.000000 0.000018 1.000000 -0.000000
0.000000 0.015944 0.000000 1.000000
0.522589 -0.766679 -0.372966 0.000000
-0.017879 -0.447212 0.894249 0.000000
-0.852397 -0.460657 -0.247416 -0.000000
0.473881 0.048294 -1.722037 1.000000
BoneName: mixamorig:RightHandThumb4
BoneIndex: 41
ParentIndex: 40
ChildCount: 0
1.000000 0.000000 -0.000000 0.000000
0.000000 1.000000 -0.000000 0.000000
-0.000000 -0.000000 1.000000 -0.000000
-0.000000 0.027056 0.000000 1.000000
0.522589 -0.766679 -0.372966 0.000000
-0.017879 -0.447212 0.894249 0.000000
-0.852397 -0.460657 -0.247416 -0.000000
0.473881 0.021237 -1.722037 1.000000
BoneName: mixamorig:RightHandIndex1
BoneIndex: 42
ParentIndex: 37
ChildCount: 1
43
 1.000000 0.000014 -0.000000 0.000000
-0.000014 1.000000 -0.000000 0.000000
-0.000000 -0.000000 1.000000 -0.000000
0.028818 0.132426 -0.003070 1.000000
0.017439 -0.999848 -0.000000 0.000000
0.000000 -0.000000 1.000000 0.000000
-0.999848 -0.017439 -0.000000 -0.000000
0.033292 -0.893384 -1.624930 1.000000
BoneName: mixamorig:RightHandIndex2
BoneIndex: 43
ParentIndex: 42
ChildCount: 1
44
 1.000000 0.000006 -0.000000 0.000000
-0.000006 1.000000 -0.000000 0.000000
-0.000000 -0.000000 1.000000 -0.000000
-0.000000 0.021975 0.000000 1.000000
0.017433 -0.999848 -0.000000 0.000000
0.000000 -0.000000 1.000000 0.000000
-0.999848 -0.017433 -0.000000 -0.000000
0.033287 -0.915359 -1.624930 1.000000
BoneName: mixamorig:RightHandIndex3
BoneIndex: 44
ParentIndex: 43
ChildCount: 1
45
 1.000000 -0.000044 -0.000000 0.000000
0.000044 1.000000 -0.000000 0.000000
-0.000000 -0.000000 1.000000 -0.000000
-0.000000 0.015095 0.000000 1.000000
0.017477 -0.999847 -0.000000 0.000000
0.000000 -0.000000 1.000000 0.000000
-0.999847 -0.017477 -0.000000 -0.000000
0.033328 -0.930453 -1.624930 1.000000
BoneName: mixamorig:RightHandIndex4
BoneIndex: 45
ParentIndex: 44
ChildCount: 0
1.000000 0.000000 -0.000000 0.000000
0.000000 1.000000 -0.000000 0.000000
-0.000000 -0.000000 1.000000 -0.000000
-0.000000 0.016331 0.000000 1.000000
0.017477 -0.999847 -0.000000 0.000000
0.000000 -0.000000 1.000000 0.000000
-0.999847 -0.017477 -0.000000 -0.000000
0.033328 -0.946784 -1.624930 1.000000
BoneName: mixamorig:RightHandMiddle1
BoneIndex: 46
ParentIndex: 37
ChildCount: 1
47
 1.000000 0.000000 -0.000000 0.000000
0.000000 1.000000 -0.000000 0.000000
-0.000000 -0.000000 1.000000 -0.000000
0.000252 0.130979 0.000010 1.000000
0.017457 -0.999848 -0.000000 0.000000
0.000000 -0.000000 1.000000 0.000000
-0.999848 -0.017457 -0.000000 -0.000000
0.061875 -0.891936 -1.628010 1.000000
BoneName: mixamorig:RightHandMiddle2
BoneIndex: 47
ParentIndex: 46
ChildCount: 1
48
 1.000000 -0.000012 -0.000000 0.000000
0.000012 1.000000 -0.000000 0.000000
-0.000000 -0.000000 1.000000 -0.000000
0.000000 0.022843 0.000000 1.000000
0.017469 -0.999847 -0.000000 0.000000
0.000000 -0.000000 1.000000 0.000000
-0.999847 -0.017469 -0.000000 -0.000000
0.061886 -0.914778 -1.628010 1.000000
BoneName: mixamorig:RightHandMiddle3
BoneIndex: 48
ParentIndex: 47
ChildCount: 1
49
 1.000000 0.000040 -0.000000 0.000000
-0.000040 1.000000 -0.000000 0.000000
-0.000000 -0.000000 1.000000 -0.000000
-0.000000 0.023882 0.000000 1.000000
0.017430 -0.999848 -0.000000 0.000000
0.000000 -0.000000 1.000000 0.000000
-0.999848 -0.017430 -0.000000 -0.000000
0.061849 -0.938663 -1.628010 1.000000
BoneName: mixamorig:RightHandMiddle4
BoneIndex: 49
ParentIndex: 48
ChildCount: 0
1.000000 0.000000 -0.000000 0.000000
0.000000 1.000000 -0.000000 0.000000
-0.000000 -0.000000 1.000000 -0.000000
-0.000000 0.017509 0.000000 1.000000
0.017430 -0.999848 -0.000000 0.000000
0.000000 -0.000000 1.000000 0.000000
-0.999848 -0.017430 -0.000000 -0.000000
0.061849 -0.956172 -1.628010 1.000000
BoneName: mixamorig:RightHandRing1
BoneIndex: 50
ParentIndex: 37
ChildCount: 1
51
 1.000000 0.000083 -0.000000 0.000000
-0.000083 1.000000 -0.000000 0.000000
-0.000000 -0.000000 1.000000 -0.000000
-0.027273 0.122164 -0.000570 1.000000
0.017369 -0.999849 -0.000000 0.000000
0.000000 -0.000000 1.000000 0.000000
-0.999849 -0.017369 -0.000000 -0.000000
0.089322 -0.883129 -1.627430 1.000000
BoneName: mixamorig:RightHandRing2
BoneIndex: 51
ParentIndex: 50
ChildCount: 1
52
 1.000000 -0.000200 -0.000000 0.000000
0.000200 1.000000 -0.000000 0.000000
-0.000000 -0.000000 1.000000 -0.000000
-0.000000 0.021664 0.000000 1.000000
0.017570 -0.999846 -0.000000 0.000000
0.000000 -0.000000 1.000000 0.000000
-0.999846 -0.017570 -0.000000 -0.000000
0.089503 -0.904775 -1.627430 1.000000
BoneName: mixamorig:RightHandRing3
BoneIndex: 52
ParentIndex: 51
ChildCount: 1
53
 1.000000 0.000113 -0.000000 0.000000
-0.000113 1.000000 -0.000000 0.000000
-0.000000 -0.000000 1.000000 -0.000000
0.000000 0.018761 0.000000 1.000000
0.017457 -0.999848 -0.000000 0.000000
0.000000 -0.000000 1.000000 0.000000
-0.999848 -0.017457 -0.000000 -0.000000
0.089399 -0.923546 -1.627430 1.000000
BoneName: mixamorig:RightHandRing4
BoneIndex: 53
ParentIndex: 52
ChildCount: 0
1.000000 0.000000 -0.000000 0.000000
0.000000 1.000000 -0.000000 0.000000
-0.000000 -0.000000 1.000000 -0.000000
-0.000000 0.022400 0.000000 1.000000
0.017457 -0.999848 -0.000000 0.000000
0.000000 -0.000000 1.000000 0.000000
-0.999848 -0.017457 -0.000000 -0.000000
0.089399 -0.945946 -1.627430 1.000000
BoneName: mixamorig:RightHandPinky1
BoneIndex: 54
ParentIndex: 37
ChildCount: 1
55
 1.000000 0.000000 -0.000000 0.000000
0.000000 1.000000 -0.000000 0.000000
-0.000000 -0.000000 1.000000 -0.000000
-0.050102 0.109122 -0.002690 1.000000
0.017452 -0.999848 -0.000000 0.000000
0.000000 -0.000000 1.000000 0.000000
-0.999848 -0.017452 -0.000000 -0.000000
0.112225 -0.870079 -1.625310 1.000000
BoneName: mixamorig:RightHandPinky2
BoneIndex: 55
ParentIndex: 54
ChildCount: 1
56
 1.000000 0.000000 -0.000000 0.000000
0.000000 1.000000 -0.000000 0.000000
-0.000000 -0.000000 1.000000 -0.000000
0.000000 0.015635 0.000000 1.000000
0.017452 -0.999848 -0.000000 0.000000
0.000000 -0.000000 1.000000 0.000000
-0.999848 -0.017452 -0.000000 -0.000000
0.112225 -0.885714 -1.625310 1.000000
BoneName: mixamorig:RightHandPinky3
BoneIndex: 56
ParentIndex: 55
ChildCount: 1
57
 1.000000 0.000000 -0.000000 0.000000
0.000000 1.000000 -0.000000 0.000000
-0.000000 -0.000000 1.000000 -0.000000
-0.000000 0.012784 0.000000 1.000000
0.017452 -0.999848 -0.000000 0.000000
0.000000 -0.000000 1.000000 0.000000
-0.999848 -0.017452 -0.000000 -0.000000
0.112225 -0.898499 -1.625310 1.000000
BoneName: mixamorig:RightHandPinky4
BoneIndex: 57
ParentIndex: 56
ChildCount: 0
1.000000 0.000000 -0.000000 0.000000
0.000000 1.000000 -0.000000 0.000000
-0.000000 -0.000000 1.000000 -0.000000
-0.000000 0.017362 0.000000 1.000000
0.017452 -0.999848 -0.000000 0.000000
0.000000 -0.000000 1.000000 0.000000
-0.999848 -0.017452 -0.000000 -0.000000
0.112225 -0.915860 -1.625310 1.000000
BoneName: mixamorig:Bow1
BoneIndex: 58
ParentIndex: 2
ChildCount: 1
59
 0.835974 0.548760 -0.003108 0.000000
0.532305 -0.809503 0.247700 0.000000
0.133412 -0.208726 -0.968832 -0.000000
0.022250 0.001927 0.137892 1.000000
0.835949 0.532340 0.133427 0.000000
0.548807 -0.810867 -0.203237 0.000000
0.000000 0.243121 -0.969996 -0.000000
-0.705920 0.971257 0.375491 1.000000
BoneName: mixamorig:Bow2
BoneIndex: 59
ParentIndex: 58
ChildCount: 1
60
 0.990406 0.134040 0.033596 0.000000
-0.138155 0.955277 0.261454 0.000000
0.002952 -0.263587 0.964631 -0.000000
0.000000 0.163998 -0.000000 1.000000
0.903767 0.427927 -0.009143 0.000000
0.428025 -0.903561 0.019305 0.000000
0.000000 -0.021361 -0.999772 -0.000000
-0.578327 0.966856 0.147343 1.000000
BoneName: mixamorig:Bow3
BoneIndex: 60
ParentIndex: 59
ChildCount: 1
61
 0.984433 0.175721 -0.003754 0.000000
-0.174008 0.977403 0.120022 0.000000
0.024760 -0.117500 0.992764 -0.000000
-0.000000 0.158701 -0.000000 1.000000
0.964928 0.259897 -0.036981 0.000000
0.262515 -0.955305 0.135932 0.000000
0.000000 -0.140873 -0.990028 -0.000000
-0.427868 0.908211 0.037000 1.000000
BoneName: mixamorig:Bow4
BoneIndex: 61
ParentIndex: 60
ChildCount: 0
0.994550 0.103222 -0.014688 0.000000
-0.101360 0.990234 0.095720 0.000000
0.024425 -0.093710 0.995300 -0.000000
-0.000000 0.166869 -0.000000 1.000000
0.987039 0.156014 -0.037594 0.000000
0.160479 -0.959573 0.231226 0.000000
-0.000000 -0.234263 -0.972173 -0.000000
-0.349556 0.781013 -0.043096 1.000000
BoneName: mixamorig:Bow5
BoneIndex: 62
ParentIndex: 2
ChildCount: 1
63
 0.836181 -0.548445 0.003097 0.000000
-0.535387 -0.815021 0.221587 0.000000
-0.119005 -0.186945 -0.975136 -0.000000
-0.043658 0.065812 0.102232 1.000000
0.836205 -0.535352 -0.118991 0.000000
-0.548416 -0.816285 -0.181433 0.000000
0.000000 0.216972 -0.976178 -0.000000
0.757274 1.030598 0.324124 1.000000
BoneName: mixamorig:Bow6
BoneIndex: 63
ParentIndex: 62
ChildCount: 1
64
 0.990395 -0.134970 -0.029999 0.000000
0.138257 0.968973 0.204882 0.000000
0.001416 -0.207062 0.978327 -0.000000
-0.000000 0.159843 -0.000000 1.000000
0.904000 -0.427509 -0.004377 0.000000
-0.427532 -0.903953 -0.009255 0.000000
-0.000000 0.010238 -0.999948 -0.000000
0.622752 1.014843 0.137871 1.000000
BoneName: mixamorig:Bow7
BoneIndex: 64
ParentIndex: 63
ChildCount: 1
65
 0.984459 -0.175604 -0.001798 0.000000
0.174500 0.977014 0.122447 0.000000
-0.019746 -0.120858 0.992473 -0.000000
-0.000000 0.158972 -0.000000 1.000000
0.965032 -0.260471 0.029474 0.000000
-0.262133 -0.958912 0.108506 0.000000
-0.000000 -0.112438 -0.993659 -0.000000
0.462531 0.961751 0.021098 1.000000
BoneName: mixamorig:Bow8
BoneIndex: 65
ParentIndex: 64
ChildCount: 0
0.999263 -0.038136 0.004315 0.000000
0.037296 0.991422 0.125263 0.000000
-0.009055 -0.125010 0.992114 -0.000000
0.000000 0.165974 -0.000000 1.000000
0.974381 -0.218553 0.053064 0.000000
-0.224902 -0.946872 0.229898 0.000000
-0.000000 -0.235942 -0.971767 -0.000000
0.431933 0.808845 -0.082737 1.000000
BoneName: mixamorig:LeftUpLeg
BoneIndex: 66
ParentIndex: 1
ChildCount: 1
67
 -1.000000 0.000002 0.000000 0.000000
-0.000002 -0.999822 -0.018877 0.000000
-0.000000 -0.018877 0.999822 -0.000000
0.121043 -0.060532 0.012332 1.000000
-1.000000 0.000000 0.000000 0.000000
-0.000000 -0.999822 -0.018877 0.000000
0.000000 -0.018877 0.999822 -0.000000
0.121772 1.079806 0.018484 1.000000
BoneName: mixamorig:LeftLeg
BoneIndex: 67
ParentIndex: 66
ChildCount: 1
68
 1.000000 -0.000000 0.000003 0.000000
-0.000000 0.995625 0.093437 0.000000
-0.000003 -0.093437 0.995625 -0.000000
0.000000 0.466070 -0.000000 1.000000
-1.000000 0.000000 0.000003 0.000000
0.000000 -0.997212 0.074626 0.000000
0.000003 0.074626 0.997212 -0.000000
0.121772 0.612778 -0.038943 1.000000
BoneName: mixamorig:LeftFoot
BoneIndex: 68
ParentIndex: 67
ChildCount: 1
69
 1.000000 0.000000 -0.000004 0.000000
-0.000004 0.525171 -0.850997 0.000000
0.000002 0.850997 0.525171 -0.000000
0.000000 0.504820 -0.000000 1.000000
-1.000000 0.000001 -0.000000 0.000000
-0.000001 -0.587214 -0.809432 0.000000
-0.000001 -0.809432 0.587214 -0.000000
0.121772 0.089836 0.071420 1.000000
BoneName: mixamorig:LeftToeBase
BoneIndex: 69
ParentIndex: 68
ChildCount: 1
70
 1.000000 -0.000000 -0.000000 0.000000
0.000000 0.811806 -0.583927 0.000000
0.000001 0.583927 0.811806 -0.000000
0.000000 0.177500 0.000000 1.000000
-1.000000 0.000000 0.000002 0.000000
-0.000002 -0.004055 -0.999992 0.000000
-0.000000 -0.999992 0.004055 -0.000000
0.121772 -0.112870 0.006790 1.000000
BoneName: mixamorig:LeftToe_End
BoneIndex: 70
ParentIndex: 69
ChildCount: 0
1.000000 0.000000 -0.000000 0.000000
0.000000 1.000000 -0.000000 0.000000
-0.000000 -0.000000 1.000000 -0.000000
0.000000 0.070500 0.000000 1.000000
-1.000000 0.000000 0.000002 0.000000
-0.000002 -0.004055 -0.999992 0.000000
-0.000000 -0.999992 0.004055 -0.000000
0.121772 -0.183370 0.006790 1.000000
BoneName: mixamorig:RightUpLeg
BoneIndex: 71
ParentIndex: 1
ChildCount: 1
72
 -1.000000 0.000001 -0.000001 0.000000
-0.000001 -0.999822 -0.018877 0.000000
-0.000001 -0.018877 0.999822 -0.000000
-0.122502 -0.060534 0.012332 1.000000
-1.000000 0.000001 -0.000001 0.000000
-0.000001 -0.999822 -0.018877 0.000000
-0.000001 -0.018877 0.999822 -0.000000
-0.121771 1.079803 0.018484 1.000000
BoneName: mixamorig:RightLeg
BoneIndex: 72
ParentIndex: 71
ChildCount: 1
73
 1.000000 -0.000001 -0.000000 0.000000
0.000001 0.995625 0.093437 0.000000
-0.000000 -0.093437 0.995625 -0.000000
-0.000000 0.466068 0.000000 1.000000
-1.000000 -0.000001 -0.000001 0.000000
0.000001 -0.997212 0.074627 0.000000
-0.000001 0.074627 0.997212 -0.000000
-0.121772 0.612778 -0.038943 1.000000
BoneName: mixamorig:RightFoot
BoneIndex: 73
ParentIndex: 72
ChildCount: 1
74
 1.000000 0.000002 0.000001 0.000000
-0.000000 0.525173 -0.850995 0.000000
-0.000002 0.850995 0.525173 -0.000000
0.000000 0.504819 -0.000000 1.000000
-1.000000 0.000000 0.000001 0.000000
-0.000001 -0.587216 -0.809431 0.000000
0.000001 -0.809431 0.587216 -0.000000
-0.121772 0.089837 0.071421 1.000000
BoneName: mixamorig:RightToeBase
BoneIndex: 74
ParentIndex: 73
ChildCount: 1
75
 1.000000 0.000001 -0.000000 0.000000
-0.000001 0.811804 -0.583929 0.000000
-0.000000 0.583929 0.811804 -0.000000
0.000000 0.177500 0.000000 1.000000
-1.000000 -0.000000 0.000002 0.000000
-0.000002 -0.004054 -0.999992 0.000000
0.000000 -0.999992 0.004054 -0.000000
-0.121772 -0.112870 0.006790 1.000000
BoneName: mixamorig:RightToe_End
BoneIndex: 75
ParentIndex: 74
ChildCount: 0
1.000000 0.000000 -0.000000 0.000000
0.000000 1.000000 -0.000000 0.000000
-0.000000 -0.000000 1.000000 -0.000000
0.000000 0.070500 -0.000000 1.000000
-1.000000 -0.000000 0.000002 0.000000
-0.000002 -0.004054 -0.999992 0.000000
0.000000 -0.999992 0.004054 -0.000000
-0.121772 -0.183370 0.006790 1.000000
BoneName: Kachujin
BoneIndex: 76
ParentIndex: 0
ChildCount: 0
1.000000 0.000000 -0.000000 0.000000
0.000000 1.000000 -0.000000 0.000000
-0.000000 -0.000000 1.000000 -0.000000
0.000000 0.000000 -0.000000 1.000000
1.000000 0.000000 0.000000 0.000000
0.000000 1.000000 0.000000 0.000000
0.000000 0.000000 1.000000 0.000000
0.000000 0.000000 0.000000 1.000000
