BoneCount: 68
RootBone: 0
BoneName: RootNode
BoneIndex: 0
ParentIndex: -1
ChildCount: 3
1
 2
 3
 1.000000 0.000000 -0.000000 0.000000
0.000000 1.000000 -0.000000 0.000000
-0.000000 -0.000000 1.000000 -0.000000
0.000000 0.000000 -0.000000 1.000000
1.000000 0.000000 0.000000 0.000000
0.000000 1.000000 0.000000 0.000000
0.000000 0.000000 1.000000 0.000000
0.000000 0.000000 0.000000 1.000000
BoneName: vanguard_visor
BoneIndex: 1
ParentIndex: 0
ChildCount: 0
1.000000 0.000000 -0.000000 0.000000
0.000000 1.000000 -0.000000 0.000000
-0.000000 -0.000000 1.000000 -0.000000
0.000000 0.000000 -0.000000 1.000000
1.000000 0.000000 0.000000 0.000000
0.000000 1.000000 0.000000 0.000000
0.000000 0.000000 1.000000 0.000000
0.000000 0.000000 0.000000 1.000000
BoneName: vanguard_Mesh
BoneIndex: 2
ParentIndex: 0
ChildCount: 0
1.000000 0.000000 -0.000000 0.000000
0.000000 1.000000 -0.000000 0.000000
-0.000000 -0.000000 1.000000 -0.000000
0.000000 0.000000 -0.000000 1.000000
1.000000 0.000000 0.000000 0.000000
0.000000 1.000000 0.000000 0.000000
0.000000 0.000000 1.000000 0.000000
0.000000 0.000000 0.000000 1.000000
BoneName: mixamorig:Hips
BoneIndex: 3
ParentIndex: 0
ChildCount: 3
4
 58
 63
 1.000000 0.000000 -0.000000 0.000000
0.000000 1.000000 -0.000000 0.000000
-0.000000 -0.000000 1.000000 -0.000000
0.001613 1.061304 -0.011117 1.000000
1.000000 -0.000002 0.000000 0.000000
0.000002 1.000000 0.000000 0.000000
-0.000000 0.000000 1.000000 -0.000000
-0.001615 -1.061304 0.011117 1.000000
BoneName: mixamorig:Spine
BoneIndex: 4
ParentIndex: 3
ChildCount: 1
5
 0.999992 0.003919 0.000506 0.000000
-0.003951 0.989405 0.145125 0.000000
0.000068 -0.145126 0.989413 -0.000000
-0.000381 0.094905 0.013921 1.000000
0.999992 -0.003952 0.000069 0.000000
0.003921 0.989405 -0.145126 0.000000
0.000506 0.145125 0.989413 -0.000000
-0.005767 -1.144362 0.165022 1.000000
BoneName: mixamorig:Spine1
BoneIndex: 5
ParentIndex: 4
ChildCount: 1
6
 1.000000 0.000000 -0.000000 0.000000
0.000000 1.000000 -0.000000 0.000000
-0.000000 -0.000000 1.000000 -0.000000
0.000000 0.111908 0.000000 1.000000
0.999992 -0.003952 0.000069 0.000000
0.003921 0.989405 -0.145126 0.000000
0.000506 0.145125 0.989413 -0.000000
-0.005767 -1.256270 0.165022 1.000000
BoneName: mixamorig:Spine2
BoneIndex: 6
ParentIndex: 5
ChildCount: 3
7
 10
 34
 0.999992 -0.003952 0.000069 0.000000
0.003921 0.989405 -0.145126 0.000000
0.000506 0.145125 0.989413 -0.000000
-0.000000 0.127895 -0.000000 1.000000
1.000000 0.000000 0.000000 0.000000
-0.000000 1.000000 -0.000000 0.000000
-0.000000 0.000000 1.000000 -0.000000
-0.000284 -1.393473 -0.037605 1.000000
BoneName: mixamorig:Neck
BoneIndex: 7
ParentIndex: 6
ChildCount: 1
8
 1.000000 0.000000 -0.000000 0.000000
0.000000 1.000000 -0.000000 0.000000
-0.000000 -0.000000 1.000000 -0.000000
-0.000569 0.142358 0.020881 1.000000
1.000000 0.000000 0.000000 0.000000
-0.000000 1.000000 -0.000000 0.000000
-0.000000 0.000000 1.000000 -0.000000
0.000284 -1.535830 -0.058486 1.000000
BoneName: mixamorig:Head
BoneIndex: 8
ParentIndex: 7
ChildCount: 1
9
 1.000000 0.000000 -0.000000 0.000000
0.000000 1.000000 -0.000000 0.000000
-0.000000 -0.000000 1.000000 -0.000000
0.000000 0.032802 -0.003133 1.000000
1.000000 0.000000 0.000000 0.000000
-0.000000 1.000000 -0.000000 0.000000
-0.000000 0.000000 1.000000 -0.000000
0.000284 -1.568632 -0.055353 1.000000
BoneName: mixamorig:HeadTop_End
BoneIndex: 9
ParentIndex: 8
ChildCount: 0
1.000000 0.000000 -0.000000 0.000000
0.000000 1.000000 -0.000000 0.000000
-0.000000 -0.000000 1.000000 -0.000000
0.000000 0.256535 -0.024505 1.000000
1.000000 0.000000 0.000000 0.000000
-0.000000 1.000000 -0.000000 0.000000
-0.000000 0.000000 1.000000 -0.000000
0.000284 -1.825167 -0.030848 1.000000
BoneName: mixamorig:LeftShoulder
BoneIndex: 10
ParentIndex: 6
ChildCount: 1
11
 0.004001 -0.000903 0.999992 0.000000
0.975453 -0.220170 -0.004102 0.000000
0.220172 0.975461 -0.000000 -0.000000
0.067288 0.117566 0.020585 1.000000
0.004001 0.975453 0.220172 0.000000
-0.000903 -0.220170 0.975461 0.000000
0.999992 -0.004102 -0.000000 -0.000000
-0.057095 0.267010 -1.488837 1.000000
BoneName: mixamorig:LeftArm
BoneIndex: 11
ParentIndex: 10
ChildCount: 1
12
 0.999992 -0.004101 0.000000 0.000000
0.004001 0.975453 0.220173 0.000000
-0.000903 -0.220171 0.975461 -0.000000
0.000000 0.144488 -0.000000 1.000000
0.000000 1.000000 -0.000001 0.000000
0.000000 0.000001 1.000000 0.000000
1.000000 -0.000000 0.000000 -0.000000
-0.057597 -0.208515 -1.479226 1.000000
BoneName: mixamorig:LeftForeArm
BoneIndex: 12
ParentIndex: 11
ChildCount: 1
13
 1.000000 0.000000 -0.000000 0.000000
0.000000 1.000000 -0.000000 0.000000
-0.000000 -0.000000 1.000000 -0.000000
-0.000000 0.231603 0.000000 1.000000
0.000000 1.000000 -0.000001 0.000000
-0.000000 0.000001 1.000000 0.000000
1.000000 -0.000000 0.000000 -0.000000
-0.057597 -0.440118 -1.479226 1.000000
BoneName: mixamorig:LeftHand
BoneIndex: 13
ParentIndex: 12
ChildCount: 5
14
 18
 22
 26
 30
 1.000000 0.000000 -0.000000 0.000000
0.000000 1.000000 -0.000000 0.000000
-0.000000 -0.000000 1.000000 -0.000000
-0.000000 0.240718 -0.000000 1.000000
0.000000 1.000000 -0.000001 0.000000
-0.000000 0.000001 1.000000 0.000000
1.000000 -0.000000 0.000000 -0.000000
-0.057597 -0.680836 -1.479226 1.000000
BoneName: mixamorig:LeftHandThumb1
BoneIndex: 14
ParentIndex: 13
ChildCount: 1
15
 0.859918 0.509901 0.023278 0.000000
-0.447206 0.774602 -0.447212 0.000000
-0.246065 0.374156 0.894125 -0.000000
-0.015090 0.041734 -0.019265 1.000000
0.509902 0.774602 0.374155 0.000000
0.023278 -0.447211 0.894125 0.000000
0.859918 -0.447206 -0.246065 -0.000000
-0.438976 0.112218 -1.565282 1.000000
BoneName: mixamorig:LeftHandThumb2
BoneIndex: 15
ParentIndex: 14
ChildCount: 1
16
 1.000000 0.000020 0.000000 0.000000
-0.000020 1.000000 0.000005 0.000000
-0.000000 -0.000005 1.000000 -0.000000
-0.000000 0.038704 -0.000000 1.000000
0.509917 0.774594 0.374151 0.000000
0.023270 -0.447207 0.894128 0.000000
0.859909 -0.447225 -0.246063 -0.000000
-0.438975 0.073515 -1.565282 1.000000
BoneName: mixamorig:LeftHandThumb3
BoneIndex: 16
ParentIndex: 15
ChildCount: 1
17
 1.000000 -0.000017 -0.000000 0.000000
0.000017 1.000000 -0.000007 0.000000
0.000000 0.000007 1.000000 -0.000000
-0.000000 0.047106 0.000000 1.000000
0.509904 0.774600 0.374156 0.000000
0.023277 -0.447213 0.894125 0.000000
0.859916 -0.447208 -0.246066 -0.000000
-0.438975 0.026412 -1.565282 1.000000
BoneName: mixamorig:LeftHandThumb4
BoneIndex: 17
ParentIndex: 16
ChildCount: 0
1.000000 0.000000 -0.000000 0.000000
0.000000 1.000000 -0.000000 0.000000
-0.000000 -0.000000 1.000000 -0.000000
-0.000000 0.038304 0.000000 1.000000
0.509904 0.774600 0.374156 0.000000
0.023277 -0.447213 0.894125 0.000000
0.859916 -0.447208 -0.246066 -0.000000
-0.438975 -0.011892 -1.565282 1.000000
BoneName: mixamorig:LeftHandIndex1
BoneIndex: 18
ParentIndex: 13
ChildCount: 1
19
 1.000000 0.000012 -0.000000 0.000000
-0.000012 1.000000 -0.000003 0.000000
-0.000000 0.000003 1.000000 -0.000000
-0.028555 0.146694 -0.003988 1.000000
0.000012 1.000000 0.000002 0.000000
0.000000 -0.000002 1.000000 0.000000
1.000000 -0.000012 -0.000000 -0.000000
-0.029052 -0.827525 -1.475241 1.000000
BoneName: mixamorig:LeftHandIndex2
BoneIndex: 19
ParentIndex: 18
ChildCount: 1
20
 1.000000 0.000000 -0.000000 0.000000
0.000000 1.000000 -0.000000 0.000000
-0.000000 -0.000000 1.000000 -0.000000
0.000000 0.032486 -0.000000 1.000000
0.000017 1.000000 0.000002 0.000000
0.000000 -0.000002 1.000000 0.000000
1.000000 -0.000017 -0.000000 -0.000000
-0.029056 -0.860009 -1.475242 1.000000
BoneName: mixamorig:LeftHandIndex3
BoneIndex: 20
ParentIndex: 19
ChildCount: 1
21
 1.000000 -0.000011 -0.000000 0.000000
0.000011 1.000000 0.000003 0.000000
-0.000000 -0.000003 1.000000 -0.000000
0.000000 0.026596 0.000000 1.000000
0.000006 1.000000 -0.000001 0.000000
0.000000 0.000001 1.000000 0.000000
1.000000 -0.000006 -0.000000 -0.000000
-0.029047 -0.886610 -1.475239 1.000000
BoneName: mixamorig:LeftHandIndex4
BoneIndex: 21
ParentIndex: 20
ChildCount: 0
1.000000 0.000000 -0.000000 0.000000
0.000000 1.000000 -0.000000 0.000000
-0.000000 -0.000000 1.000000 -0.000000
-0.000000 0.036332 -0.000000 1.000000
0.000006 1.000000 -0.000001 0.000000
0.000000 0.000001 1.000000 0.000000
1.000000 -0.000006 -0.000000 -0.000000
-0.029047 -0.922942 -1.475239 1.000000
BoneName: mixamorig:LeftHandMiddle1
BoneIndex: 22
ParentIndex: 13
ChildCount: 1
23
 1.000000 0.000011 -0.000000 0.000000
-0.000011 1.000000 -0.000002 0.000000
-0.000000 0.000002 1.000000 -0.000000
-0.000000 0.144098 -0.000000 1.000000
0.000012 1.000000 0.000001 0.000000
0.000000 -0.000001 1.000000 0.000000
1.000000 -0.000012 -0.000000 -0.000000
-0.057606 -0.824930 -1.479228 1.000000
BoneName: mixamorig:LeftHandMiddle2
BoneIndex: 23
ParentIndex: 22
ChildCount: 1
24
 1.000000 0.000000 -0.000000 0.000000
0.000000 1.000000 -0.000000 0.000000
-0.000000 -0.000000 1.000000 -0.000000
0.000000 0.032591 0.000000 1.000000
0.000010 1.000000 0.000000 0.000000
0.000000 -0.000000 1.000000 0.000000
1.000000 -0.000010 -0.000000 -0.000000
-0.057605 -0.857522 -1.479228 1.000000
BoneName: mixamorig:LeftHandMiddle3
BoneIndex: 24
ParentIndex: 23
ChildCount: 1
25
 1.000000 0.000000 -0.000000 0.000000
0.000000 1.000000 -0.000000 0.000000
-0.000000 -0.000000 1.000000 -0.000000
0.000000 0.026399 -0.000000 1.000000
0.000011 1.000000 -0.000000 0.000000
0.000000 0.000000 1.000000 0.000000
1.000000 -0.000011 -0.000000 -0.000000
-0.057605 -0.883922 -1.479227 1.000000
BoneName: mixamorig:LeftHandMiddle4
BoneIndex: 25
ParentIndex: 24
ChildCount: 0
1.000000 0.000000 -0.000000 0.000000
0.000000 1.000000 -0.000000 0.000000
-0.000000 -0.000000 1.000000 -0.000000
-0.000000 0.036739 -0.000000 1.000000
0.000011 1.000000 -0.000000 0.000000
0.000000 0.000000 1.000000 0.000000
1.000000 -0.000011 -0.000000 -0.000000
-0.057605 -0.920660 -1.479227 1.000000
BoneName: mixamorig:LeftHandRing1
BoneIndex: 26
ParentIndex: 13
ChildCount: 1
27
 1.000000 0.000007 -0.000000 0.000000
-0.000007 1.000000 -0.000002 0.000000
-0.000000 0.000002 1.000000 -0.000000
0.033049 0.131915 0.003220 1.000000
0.000008 1.000000 0.000001 0.000000
0.000000 -0.000001 1.000000 0.000000
1.000000 -0.000008 -0.000000 -0.000000
-0.090652 -0.812746 -1.482449 1.000000
BoneName: mixamorig:LeftHandRing2
BoneIndex: 27
ParentIndex: 26
ChildCount: 1
28
 1.000000 -0.000026 -0.000000 0.000000
0.000026 1.000000 0.000008 0.000000
-0.000000 -0.000008 1.000000 -0.000000
-0.000000 0.027176 -0.000000 1.000000
-0.000019 1.000000 -0.000007 0.000000
0.000000 0.000007 1.000000 0.000000
1.000000 0.000019 -0.000000 -0.000000
-0.090630 -0.839937 -1.482442 1.000000
BoneName: mixamorig:LeftHandRing3
BoneIndex: 28
ParentIndex: 27
ChildCount: 1
29
 1.000000 0.000025 -0.000000 0.000000
-0.000025 1.000000 -0.000008 0.000000
-0.000000 0.000008 1.000000 -0.000000
-0.000000 0.021345 -0.000000 1.000000
0.000007 1.000000 0.000000 0.000000
0.000000 -0.000000 1.000000 0.000000
1.000000 -0.000007 -0.000000 -0.000000
-0.090652 -0.861268 -1.482448 1.000000
BoneName: mixamorig:LeftHandRing4
BoneIndex: 29
ParentIndex: 28
ChildCount: 0
1.000000 0.000000 -0.000000 0.000000
0.000000 1.000000 -0.000000 0.000000
-0.000000 -0.000000 1.000000 -0.000000
-0.000000 0.027869 -0.000000 1.000000
0.000007 1.000000 0.000000 0.000000
0.000000 -0.000000 1.000000 0.000000
1.000000 -0.000007 -0.000000 -0.000000
-0.090652 -0.889137 -1.482448 1.000000
BoneName: mixamorig:LeftHandPinky1
BoneIndex: 30
ParentIndex: 13
ChildCount: 1
31
 1.000000 0.000000 -0.000000 0.000000
0.000000 1.000000 -0.000000 0.000000
-0.000000 -0.000000 1.000000 -0.000000
0.056142 0.116364 -0.005166 1.000000
0.000004 1.000000 -0.000002 0.000000
0.000000 0.000002 1.000000 0.000000
1.000000 -0.000004 0.000000 -0.000000
-0.113742 -0.797200 -1.474061 1.000000
BoneName: mixamorig:LeftHandPinky2
BoneIndex: 31
ParentIndex: 30
ChildCount: 1
32
 1.000000 0.000011 -0.000000 0.000000
-0.000011 1.000000 -0.000004 0.000000
-0.000000 0.000004 1.000000 -0.000000
-0.000000 0.015594 -0.000000 1.000000
0.000015 1.000000 0.000002 0.000000
0.000000 -0.000002 1.000000 0.000000
1.000000 -0.000015 -0.000000 -0.000000
-0.113751 -0.812786 -1.474064 1.000000
BoneName: mixamorig:LeftHandPinky3
BoneIndex: 32
ParentIndex: 31
ChildCount: 1
33
 1.000000 0.000000 -0.000000 0.000000
0.000000 1.000000 -0.000000 0.000000
-0.000000 -0.000000 1.000000 -0.000000
-0.000000 0.015406 -0.000000 1.000000
0.000011 1.000000 0.000002 0.000000
0.000000 -0.000002 1.000000 0.000000
1.000000 -0.000011 -0.000000 -0.000000
-0.113748 -0.828194 -1.474064 1.000000
BoneName: mixamorig:LeftHandPinky4
BoneIndex: 33
ParentIndex: 32
ChildCount: 0
1.000000 0.000000 -0.000000 0.000000
0.000000 1.000000 -0.000000 0.000000
-0.000000 -0.000000 1.000000 -0.000000
0.000000 0.016687 0.000000 1.000000
0.000011 1.000000 0.000002 0.000000
0.000000 -0.000002 1.000000 0.000000
1.000000 -0.000011 -0.000000 -0.000000
-0.113748 -0.844881 -1.474064 1.000000
BoneName: mixamorig:RightShoulder
BoneIndex: 34
ParentIndex: 6
ChildCount: 1
35
 0.004001 0.000903 -0.999992 0.000000
-0.975456 -0.220157 -0.004102 0.000000
-0.220158 0.975464 -0.000000 -0.000000
-0.067288 0.117567 0.020585 1.000000
0.004001 -0.975456 -0.220158 0.000000
0.000903 -0.220157 0.975464 0.000000
-0.999992 -0.004102 -0.000000 -0.000000
0.057093 0.267545 -1.488717 1.000000
BoneName: mixamorig:RightArm
BoneIndex: 35
ParentIndex: 34
ChildCount: 1
36
 0.999992 0.004102 -0.000000 0.000000
-0.004001 0.975456 0.220158 0.000000
0.000903 -0.220157 0.975464 -0.000000
0.000000 0.144488 -0.000000 1.000000
0.000000 -1.000000 0.000000 0.000000
0.000000 0.000000 1.000000 0.000000
-1.000000 -0.000000 0.000000 -0.000000
0.057597 -0.207945 -1.479230 1.000000
BoneName: mixamorig:RightForeArm
BoneIndex: 36
ParentIndex: 35
ChildCount: 1
37
 1.000000 0.000000 -0.000000 0.000000
0.000000 1.000000 -0.000000 0.000000
-0.000000 -0.000000 1.000000 -0.000000
-0.000000 0.231603 -0.000000 1.000000
0.000000 -1.000000 0.000000 0.000000
0.000000 0.000000 1.000000 0.000000
-1.000000 -0.000000 0.000000 -0.000000
0.057597 -0.439548 -1.479230 1.000000
BoneName: mixamorig:RightHand
BoneIndex: 37
ParentIndex: 36
ChildCount: 5
38
 42
 46
 50
 54
 1.000000 0.000000 -0.000000 0.000000
0.000000 1.000000 -0.000000 0.000000
-0.000000 -0.000000 1.000000 -0.000000
0.000000 0.240717 -0.000000 1.000000
0.000000 -1.000000 0.000000 0.000000
0.000000 0.000000 1.000000 0.000000
-1.000000 -0.000000 0.000000 -0.000000
0.057597 -0.680265 -1.479230 1.000000
BoneName: mixamorig:RightHandThumb1
BoneIndex: 38
ParentIndex: 37
ChildCount: 1
39
 0.861387 -0.507635 -0.017878 0.000000
0.447201 0.774590 -0.447237 0.000000
0.240881 0.377249 0.894237 -0.000000
0.015090 0.041734 -0.019270 1.000000
0.507635 -0.774590 -0.377249 0.000000
-0.017878 -0.447237 0.894237 0.000000
-0.861387 -0.447201 -0.240881 -0.000000
0.429228 0.112704 -1.567684 1.000000
BoneName: mixamorig:RightHandThumb2
BoneIndex: 39
ParentIndex: 38
ChildCount: 1
40
 1.000000 -0.000019 -0.000000 0.000000
0.000019 1.000000 0.000151 0.000000
0.000000 -0.000151 1.000000 -0.000000
0.000000 0.038704 -0.000000 1.000000
0.507650 -0.774638 -0.377132 0.000000
-0.017870 -0.447102 0.894304 0.000000
-0.861378 -0.447254 -0.240814 -0.000000
0.429227 0.073771 -1.567695 1.000000
BoneName: mixamorig:RightHandThumb3
BoneIndex: 40
ParentIndex: 39
ChildCount: 1
41
 1.000000 0.000018 0.000000 0.000000
-0.000018 1.000000 -0.000127 0.000000
-0.000000 0.000127 1.000000 -0.000000
0.000000 0.047103 -0.000000 1.000000
0.507635 -0.774599 -0.377230 0.000000
-0.017878 -0.447216 0.894248 0.000000
-0.861386 -0.447208 -0.240871 -0.000000
0.429227 0.026859 -1.567692 1.000000
BoneName: mixamorig:RightHandThumb4
BoneIndex: 41
ParentIndex: 40
ChildCount: 0
1.000000 0.000000 -0.000000 0.000000
0.000000 1.000000 -0.000000 0.000000
-0.000000 -0.000000 1.000000 -0.000000
0.000000 0.038304 -0.000000 1.000000
0.507635 -0.774599 -0.377230 0.000000
-0.017878 -0.447216 0.894248 0.000000
-0.861386 -0.447208 -0.240871 -0.000000
0.429227 -0.011445 -1.567692 1.000000
BoneName: mixamorig:RightHandIndex1
BoneIndex: 42
ParentIndex: 37
ChildCount: 1
43
 1.000000 -0.000013 0.000000 0.000000
0.000013 1.000000 -0.000000 0.000000
-0.000000 0.000000 1.000000 -0.000000
0.028555 0.146694 -0.003990 1.000000
0.000013 -1.000000 -0.000000 0.000000
0.000000 -0.000000 1.000000 0.000000
-1.000000 -0.000013 0.000000 -0.000000
0.029053 -0.826959 -1.475240 1.000000
BoneName: mixamorig:RightHandIndex2
BoneIndex: 43
ParentIndex: 42
ChildCount: 1
44
 1.000000 0.000000 -0.000000 0.000000
0.000000 1.000000 -0.000000 0.000000
-0.000000 -0.000000 1.000000 -0.000000
0.000000 0.032486 -0.000000 1.000000
0.000016 -1.000000 -0.000000 0.000000
0.000000 -0.000000 1.000000 0.000000
-1.000000 -0.000016 0.000000 -0.000000
0.029055 -0.859444 -1.475240 1.000000
BoneName: mixamorig:RightHandIndex3
BoneIndex: 44
ParentIndex: 43
ChildCount: 1
45
 1.000000 0.000010 -0.000000 0.000000
-0.000010 1.000000 -0.000000 0.000000
-0.000000 -0.000000 1.000000 -0.000000
0.000000 0.026596 0.000000 1.000000
0.000006 -1.000000 -0.000000 0.000000
0.000000 -0.000000 1.000000 0.000000
-1.000000 -0.000006 0.000000 -0.000000
0.029046 -0.886041 -1.475240 1.000000
BoneName: mixamorig:RightHandIndex4
BoneIndex: 45
ParentIndex: 44
ChildCount: 0
1.000000 0.000000 -0.000000 0.000000
0.000000 1.000000 -0.000000 0.000000
-0.000000 -0.000000 1.000000 -0.000000
0.000000 0.036331 0.000000 1.000000
0.000006 -1.000000 -0.000000 0.000000
0.000000 -0.000000 1.000000 0.000000
-1.000000 -0.000006 0.000000 -0.000000
0.029046 -0.922372 -1.475240 1.000000
BoneName: mixamorig:RightHandMiddle1
BoneIndex: 46
ParentIndex: 37
ChildCount: 1
47
 1.000000 -0.000013 0.000000 0.000000
0.000013 1.000000 -0.000000 0.000000
-0.000000 0.000000 1.000000 -0.000000
0.000000 0.144098 -0.000000 1.000000
0.000013 -1.000000 -0.000000 0.000000
0.000000 -0.000000 1.000000 0.000000
-1.000000 -0.000013 0.000000 -0.000000
0.057607 -0.824362 -1.479230 1.000000
BoneName: mixamorig:RightHandMiddle2
BoneIndex: 47
ParentIndex: 46
ChildCount: 1
48
 1.000000 0.000000 -0.000000 0.000000
0.000000 1.000000 -0.000000 0.000000
-0.000000 -0.000000 1.000000 -0.000000
0.000000 0.032591 -0.000000 1.000000
0.000008 -1.000000 -0.000000 0.000000
0.000000 -0.000000 1.000000 0.000000
-1.000000 -0.000008 0.000000 -0.000000
0.057603 -0.856954 -1.479230 1.000000
BoneName: mixamorig:RightHandMiddle3
BoneIndex: 48
ParentIndex: 47
ChildCount: 1
49
 1.000000 0.000000 -0.000000 0.000000
0.000000 1.000000 -0.000000 0.000000
-0.000000 -0.000000 1.000000 -0.000000
0.000000 0.026398 -0.000000 1.000000
0.000011 -1.000000 -0.000000 0.000000
0.000000 -0.000000 1.000000 0.000000
-1.000000 -0.000011 0.000000 -0.000000
0.057606 -0.883351 -1.479230 1.000000
BoneName: mixamorig:RightHandMiddle4
BoneIndex: 49
ParentIndex: 48
ChildCount: 0
1.000000 0.000000 -0.000000 0.000000
0.000000 1.000000 -0.000000 0.000000
-0.000000 -0.000000 1.000000 -0.000000
0.000000 0.036739 -0.000000 1.000000
0.000011 -1.000000 -0.000000 0.000000
0.000000 -0.000000 1.000000 0.000000
-1.000000 -0.000011 0.000000 -0.000000
0.057606 -0.920090 -1.479230 1.000000
BoneName: mixamorig:RightHandRing1
BoneIndex: 50
ParentIndex: 37
ChildCount: 1
51
 1.000000 -0.000008 0.000000 0.000000
0.000008 1.000000 -0.000000 0.000000
-0.000000 0.000000 1.000000 -0.000000
-0.033049 0.131915 0.003220 1.000000
0.000008 -1.000000 -0.000000 0.000000
0.000000 -0.000000 1.000000 0.000000
-1.000000 -0.000008 0.000000 -0.000000
0.090653 -0.812179 -1.482450 1.000000
BoneName: mixamorig:RightHandRing2
BoneIndex: 51
ParentIndex: 50
ChildCount: 1
52
 1.000000 0.000026 -0.000000 0.000000
-0.000026 1.000000 -0.000000 0.000000
-0.000000 -0.000000 1.000000 -0.000000
0.000000 0.027176 -0.000000 1.000000
-0.000018 -1.000000 0.000000 0.000000
0.000000 0.000000 1.000000 0.000000
-1.000000 0.000018 0.000000 -0.000000
0.090631 -0.839358 -1.482450 1.000000
BoneName: mixamorig:RightHandRing3
BoneIndex: 52
ParentIndex: 51
ChildCount: 1
53
 1.000000 -0.000022 -0.000000 0.000000
0.000022 1.000000 -0.000000 0.000000
-0.000000 -0.000000 1.000000 -0.000000
0.000000 0.021345 -0.000000 1.000000
0.000004 -1.000000 -0.000000 0.000000
0.000000 -0.000000 1.000000 0.000000
-1.000000 -0.000004 0.000000 -0.000000
0.090650 -0.860701 -1.482450 1.000000
BoneName: mixamorig:RightHandRing4
BoneIndex: 53
ParentIndex: 52
ChildCount: 0
1.000000 0.000000 -0.000000 0.000000
0.000000 1.000000 -0.000000 0.000000
-0.000000 -0.000000 1.000000 -0.000000
0.000000 0.027868 -0.000000 1.000000
0.000004 -1.000000 -0.000000 0.000000
0.000000 -0.000000 1.000000 0.000000
-1.000000 -0.000004 0.000000 -0.000000
0.090650 -0.888569 -1.482450 1.000000
BoneName: mixamorig:RightHandPinky1
BoneIndex: 54
ParentIndex: 37
ChildCount: 1
55
 1.000000 0.000000 -0.000000 0.000000
0.000000 1.000000 -0.000000 0.000000
-0.000000 -0.000000 1.000000 -0.000000
-0.059220 0.116364 -0.005170 1.000000
0.000001 -1.000000 0.000000 0.000000
0.000000 0.000000 1.000000 0.000000
-1.000000 -0.000001 0.000000 -0.000000
0.116817 -0.796629 -1.474060 1.000000
BoneName: mixamorig:RightHandPinky2
BoneIndex: 55
ParentIndex: 54
ChildCount: 1
56
 1.000000 0.000000 -0.000000 0.000000
0.000000 1.000000 -0.000000 0.000000
-0.000000 -0.000000 1.000000 -0.000000
0.000000 0.015593 -0.000000 1.000000
0.000001 -1.000000 0.000000 0.000000
0.000000 0.000000 1.000000 0.000000
-1.000000 -0.000001 0.000000 -0.000000
0.116817 -0.812222 -1.474060 1.000000
BoneName: mixamorig:RightHandPinky3
BoneIndex: 56
ParentIndex: 55
ChildCount: 1
57
 1.000000 0.000000 -0.000000 0.000000
0.000000 1.000000 -0.000000 0.000000
-0.000000 -0.000000 1.000000 -0.000000
0.000000 0.015406 -0.000000 1.000000
0.000001 -1.000000 0.000000 0.000000
0.000000 0.000000 1.000000 0.000000
-1.000000 -0.000001 0.000000 -0.000000
0.116817 -0.827628 -1.474060 1.000000
BoneName: mixamorig:RightHandPinky4
BoneIndex: 57
ParentIndex: 56
ChildCount: 0
1.000000 0.000000 -0.000000 0.000000
0.000000 1.000000 -0.000000 0.000000
-0.000000 -0.000000 1.000000 -0.000000
0.000000 0.016687 -0.000000 1.000000
0.000001 -1.000000 0.000000 0.000000
0.000000 0.000000 1.000000 0.000000
-1.000000 -0.000001 0.000000 -0.000000
0.116817 -0.844315 -1.474060 1.000000
BoneName: mixamorig:RightUpLeg
BoneIndex: 58
ParentIndex: 3
ChildCount: 1
59
 -1.000000 0.000002 -0.000000 0.000000
-0.000002 -0.999549 -0.030016 0.000000
-0.000000 -0.030016 0.999549 -0.000000
-0.099410 -0.052724 0.010109 1.000000
-1.000000 -0.000000 0.000000 0.000000
-0.000000 -0.999549 -0.030016 0.000000
0.000000 -0.030016 0.999549 -0.000000
-0.097796 1.008095 0.031282 1.000000
BoneName: mixamorig:RightLeg
BoneIndex: 59
ParentIndex: 58
ChildCount: 1
60
 1.000000 0.000000 -0.000000 0.000000
0.000000 0.992331 0.123609 0.000000
-0.000000 -0.123609 0.992331 -0.000000
-0.000000 0.433648 0.000000 1.000000
-1.000000 0.000000 0.000000 0.000000
-0.000000 -0.995594 0.093767 0.000000
0.000000 0.093767 0.995594 -0.000000
-0.097796 0.573908 -0.039965 1.000000
BoneName: mixamorig:RightFoot
BoneIndex: 60
ParentIndex: 59
ChildCount: 1
61
 0.991168 -0.055243 0.120555 0.000000
0.129859 0.588531 -0.797978 0.000000
-0.026868 0.806585 0.590507 -0.000000
0.000000 0.444930 -0.000000 1.000000
-0.991168 -0.129859 0.026868 0.000000
0.066303 -0.660762 -0.747661 0.000000
0.114844 -0.739277 0.663537 -0.000000
-0.108876 0.095099 0.083059 1.000000
BoneName: mixamorig:RightToeBase
BoneIndex: 61
ParentIndex: 60
ChildCount: 1
62
 0.997675 0.032077 0.060128 0.000000
0.015929 0.748097 -0.663399 0.000000
-0.066262 0.662814 0.745846 -0.000000
0.000000 0.200000 -0.000000 1.000000
-0.991414 -0.130760 -0.000357 0.000000
-0.000002 0.002740 -0.999996 0.000000
0.130760 -0.991410 -0.002717 -0.000000
-0.106993 -0.135312 -0.000366 1.000000
BoneName: mixamorig:RightToe_End
BoneIndex: 62
ParentIndex: 61
ChildCount: 0
1.000000 0.000000 -0.000000 0.000000
0.000000 1.000000 -0.000000 0.000000
-0.000000 -0.000000 1.000000 -0.000000
-0.000000 0.100000 -0.000000 1.000000
-0.991414 -0.130760 -0.000357 0.000000
-0.000002 0.002740 -0.999996 0.000000
0.130760 -0.991410 -0.002717 -0.000000
-0.106993 -0.235312 -0.000366 1.000000
BoneName: mixamorig:LeftUpLeg
BoneIndex: 63
ParentIndex: 3
ChildCount: 1
64
 -1.000000 0.000002 -0.000000 0.000000
-0.000002 -0.999549 -0.030016 0.000000
-0.000000 -0.030016 0.999549 -0.000000
0.096183 -0.052723 0.010109 1.000000
-1.000000 0.000000 0.000000 0.000000
-0.000000 -0.999549 -0.030016 0.000000
0.000000 -0.030016 0.999549 -0.000000
0.097796 1.008097 0.031282 1.000000
BoneName: mixamorig:LeftLeg
BoneIndex: 64
ParentIndex: 63
ChildCount: 1
65
 1.000000 0.000000 -0.000000 0.000000
0.000000 0.992331 0.123609 0.000000
-0.000000 -0.123609 0.992331 -0.000000
0.000000 0.433650 -0.000000 1.000000
-1.000000 0.000000 0.000000 0.000000
-0.000000 -0.995594 0.093768 0.000000
0.000000 0.093768 0.995594 -0.000000
0.097796 0.573908 -0.039965 1.000000
BoneName: mixamorig:LeftFoot
BoneIndex: 65
ParentIndex: 64
ChildCount: 1
66
 0.991168 0.055246 -0.120555 0.000000
-0.129861 0.588531 -0.797977 0.000000
0.026865 0.806585 0.590508 -0.000000
0.000000 0.444930 -0.000000 1.000000
-0.991168 0.129861 -0.026865 0.000000
-0.066307 -0.660762 -0.747661 0.000000
-0.114844 -0.739276 0.663537 -0.000000
0.108876 0.095099 0.083059 1.000000
BoneName: mixamorig:LeftToeBase
BoneIndex: 66
ParentIndex: 65
ChildCount: 1
67
 0.997675 -0.032082 -0.060124 0.000000
-0.015923 0.748095 -0.663401 0.000000
0.066262 0.662816 0.745845 -0.000000
0.000000 0.200000 -0.000000 1.000000
-0.991415 0.130753 0.000360 0.000000
-0.000002 0.002742 -0.999996 0.000000
-0.130753 -0.991411 -0.002718 -0.000000
0.106995 -0.135311 -0.000367 1.000000
BoneName: mixamorig:LeftToe_End
BoneIndex: 67
ParentIndex: 66
ChildCount: 0
1.000000 0.000000 -0.000000 0.000000
0.000000 1.000000 -0.000000 0.000000
-0.000000 -0.000000 1.000000 -0.000000
0.000000 0.100000 0.000000 1.000000
-0.991415 0.130753 0.000360 0.000000
-0.000002 0.002742 -0.999996 0.000000
-0.130753 -0.991411 -0.002718 -0.000000
0.106995 -0.235311 -0.000367 1.000000
